 
 SAP2000 v18.2.0 File: FRAME  N, mm, C Units  PAGE 1
 m/d/yy h:mm:ss
 
 T I M E   H I S T O R Y   D A T A 
 
 CASE  NLDHIST_2g
 FUNCTION  Joint2-1:  Joint 2  Displacement  UX    
 
       TIME    FUNCTION
               Joint2-1
         0.     0.09708
       0.02     0.15618
       0.04     0.37846
       0.06        0.77
       0.08      1.2503
        0.1      1.7534
       0.12     2.23915
       0.14     2.65755
       0.16     2.92691
       0.18     2.96303
        0.2     2.72489
       0.22     2.26584
       0.24     1.73876
       0.26     1.31567
       0.28     1.09236
        0.3     1.06889
       0.32     1.19038
       0.34     1.37194
       0.36     1.51296
       0.38     1.54563
        0.4     1.50549
       0.42     1.51642
       0.44     1.67956
       0.46     1.93428
       0.48     2.04608
        0.5     1.76084
       0.52      1.0593
       0.54     0.25167
       0.56    -0.32837
       0.58    -0.49402
        0.6    -0.11716
       0.62     0.86518
       0.64     2.37701
       0.66     4.10503
       0.68     5.61827
        0.7     6.60401
       0.72      6.8812
       0.74     6.33992
       0.76     4.92117
       0.78     2.64531
        0.8    -0.33788
       0.82    -3.70013
       0.84     -6.9928
       0.86     -9.8425
       0.88   -11.98313
        0.9   -13.12871
       0.92   -13.00215
       0.94   -11.48218
       0.96    -8.68397
       0.98    -5.05109
         1.    -1.32578
       1.02     1.67397
       1.04     3.23028
       1.06     2.86442
       1.08     0.53681
        1.1    -3.28414
       1.12    -7.74256
       1.14   -11.84892
       1.16   -14.63439
       1.18   -14.96562
        1.2   -11.84449
       1.22    -5.30498
       1.24     3.42288
       1.26    12.51727
       1.28    20.04592
        1.3    24.33632
       1.32    24.29831
       1.34    19.57729
       1.36    10.57657
       1.38    -1.66863
        1.4   -15.65474
       1.42   -29.62485
       1.44   -41.68783
       1.46   -49.78833
       1.48   -52.13779
        1.5   -47.97539
       1.52   -37.90007
       1.54   -23.59762
       1.56    -7.42839
       1.58     7.84707
        1.6    19.45979
       1.62    25.71991
       1.64    27.47437
       1.66    27.25319
       1.68    26.70223
        1.7    26.17927
       1.72    25.65844
       1.74    24.96201
       1.76     24.0026
       1.78     22.9216
        1.8    21.94303
       1.82    21.18941
       1.84    20.46529
       1.86    19.34232
       1.88    17.40351
        1.9    14.30755
       1.92     9.79801
       1.94     3.78277
       1.96    -3.60089
       1.98    -11.9989
         2.   -20.89866
       2.02   -29.70517
       2.04   -37.84485
       2.06    -44.8445
       2.08   -50.31977
        2.1   -53.97871
       2.12    -55.6992
       2.14    -55.2158
       2.16   -51.82323
       2.18   -43.31159
        2.2    -26.3651
       2.22    -1.05053
       2.24      28.333
       2.26    56.31322
       2.28    77.70435
        2.3    89.04036
       2.32    88.74866
       2.34    76.46277
       2.36    53.50097
       2.38    23.01734
        2.4   -10.75803
       2.42   -42.33947
       2.44   -64.19729
       2.46   -70.40397
       2.48   -60.08855
        2.5   -35.80025
       2.52    -2.53694
       2.54    32.92232
       2.56    64.05443
       2.58    87.25405
        2.6   101.97627
       2.62   108.03593
       2.64   105.16985
       2.66    93.95527
       2.68    75.81546
        2.7    53.16561
       2.72    29.39369
       2.74     7.88963
       2.76     -8.4219
       2.78   -17.28498
        2.8   -17.57623
       2.82    -9.01203
       2.84     7.76124
       2.86    30.51898
       2.88    55.63386
        2.9    78.75813
       2.92    95.61543
       2.94   103.00148
       2.96    99.29826
       2.98    84.57454
         3.     60.8242
       3.02     32.1149
       3.04     4.02616
       3.06    -18.2305
       3.08   -31.25283
        3.1   -33.51107
       3.12   -25.12003
       3.14    -7.93927
       3.16    14.53326
       3.18    38.07857
        3.2    59.02361
       3.22    74.94366
       3.24    83.72947
       3.26    83.46349
       3.28    73.61319
        3.3    55.28621
       3.32    30.77684
       3.34     5.00838
       3.36   -14.57546
       3.38    -23.1533
        3.4   -19.96914
       3.42    -6.42059
       3.44    14.00478
       3.46    37.82662
       3.48    62.93474
        3.5    86.28776
       3.52    103.8861
       3.54   112.66828
       3.56   110.94867
       3.58    98.64073
        3.6    77.32683
       3.62    50.58128
       3.64    23.29008
       3.66    -0.12689
       3.68   -16.16012
        3.7   -22.48743
       3.72   -18.59853
       3.74    -5.72384
       3.76    13.53919
       3.78    35.88936
        3.8    58.09709
       3.82    77.12988
       3.84    90.03435
       3.86    94.43427
       3.88    89.18627
        3.9    74.60895
       3.92    52.52289
       3.94    25.95411
       3.96    -1.33942
       3.98   -24.53272
         4.   -38.67441
       4.02   -41.27505
       4.04   -32.36725
       4.06   -13.37321
       4.08    12.97745
        4.1    42.51925
       4.12    69.97244
       4.14    90.38491
       4.16   100.12538
       4.18    97.11789
        4.2    81.44509
       4.22    55.36476
       4.24    22.65601
       4.26   -11.75207
       4.28   -42.69902
        4.3   -66.60154
       4.32   -82.15703
       4.34    -88.9266
       4.36   -85.03712
       4.38   -68.69562
        4.4   -42.18219
       4.42   -10.60144
       4.44    21.14011
       4.46    48.88322
       4.48    69.95616
        4.5    83.34919
       4.52    88.41562
       4.54    84.53257
       4.56    71.75556
       4.58    51.24285
        4.6    25.33392
       4.62     -2.8432
       4.64   -29.93043
       4.66   -52.60501
       4.68   -67.23623
        4.7   -70.41913
       4.72   -61.15071
       4.74    -41.4054
       4.76   -15.20113
       4.78     12.2492
        4.8    35.38859
       4.82     49.3024
       4.84    51.40077
       4.86     43.6143
       4.88    30.82348
        4.9    16.58628
       4.92     3.02034
       4.94    -8.06583
       4.96   -14.93581
       4.98   -15.45623
         5.    -8.51663
       5.02     4.70273
       5.04    21.50466
       5.06    38.59104
       5.08    52.57422
        5.1    60.49827
       5.12    60.66997
       5.14    53.41791
       5.16    40.70009
       5.18     25.0317
        5.2     8.99147
       5.22    -5.08427
       5.24   -15.42764
       5.26   -21.10992
       5.28   -21.55522
        5.3   -15.63754
       5.32    -3.43546
       5.34    12.61183
       5.36    29.22372
       5.38    42.94215
        5.4    50.67272
       5.42    50.39433
       5.44    41.47361
       5.46    25.24453
       5.48      4.9459
        5.5   -15.40191
       5.52   -32.21667
       5.54   -43.04182
       5.56   -46.68799
       5.58    -43.2087
        5.6   -33.86238
       5.62   -20.88821
       5.64    -7.05136
       5.66     5.26188
       5.68    14.86152
        5.7     21.4511
       5.72    24.74244
       5.74    24.29518
       5.76    20.03441
       5.78    12.67693
        5.8     3.84983
       5.82     -4.4271
       5.84    -10.5553
       5.86   -13.49972
       5.88   -12.68648
        5.9    -8.25306
       5.92    -1.10793
       5.94     7.28679
       5.96    15.11614
       5.98    20.60703
         6.    22.71197
       6.02    21.51627
       6.04    17.95998
       6.06    13.08213
       6.08      7.4599
        6.1     1.54522
       6.12    -3.75363
       6.14    -7.29565
       6.16     -8.4708
       6.18    -7.36058
        6.2    -4.48048
       6.22    -0.64866
       6.24     3.45202
       6.26     7.55618
       6.28    11.43157
        6.3    14.56651
       6.32    16.32412
       6.34    16.31075
       6.36    14.62154
       6.38    11.68131
        6.4     7.98592
       6.42     4.06826
       6.44     0.48075
       6.46      -2.188
       6.48     -3.2424
        6.5    -2.11104
       6.52     1.16801
       6.54     5.89729
       6.56    11.14374
       6.58    15.94184
        6.6    19.35546
       6.62    20.56481
       6.64    19.25899
       6.66    15.88546
       6.68    11.14175
        6.7     5.79288
       6.72     0.77749
       6.74    -3.03935
       6.76    -5.10087
       6.78     -5.2373
        6.8     -3.6667
       6.82    -0.94834
       6.84     2.04551
       6.86     4.32914
       6.88     5.58453
        6.9     6.46838
       6.92     7.57765
       6.94     8.77418
       6.96     9.58321
       6.98     9.67119
         7.     9.18736
       7.02     8.70544
       7.04     8.70189
       7.06     9.14941
       7.08     9.62185
        7.1     9.62545
       7.12     8.75953
       7.14     6.83438
       7.16     4.14376
       7.18     1.56359
        7.2     0.01537
       7.22    -0.11799
       7.24     1.13057
       7.26     3.57345
       7.28     6.74343
        7.3     9.92293
       7.32    12.37923
       7.34      13.493
       7.36    12.92206
       7.38    10.82521
        7.4     7.79659
       7.42     4.41027
       7.44     0.92085
       7.46    -2.49634
       7.48    -5.30352
        7.5    -6.68962
       7.52    -6.10322
       7.54      -3.481
       7.56     0.74645
       7.58     5.76255
        7.6     10.5575
       7.62    14.07937
       7.64     15.4594
       7.66    14.24681
       7.68    10.62592
        7.7     5.35007
       7.72    -0.68859
       7.74    -6.75418
       7.76   -11.93374
       7.78   -15.08421
        7.8   -15.36845
       7.82   -12.28317
       7.84    -5.84278
       7.86     3.15723
       7.88    13.40529
        7.9    23.32188
       7.92    31.31811
       7.94    36.09394
       7.96    36.67702
       7.98    32.45575
         8.    23.90629
       8.02    12.93036
       8.04     1.90708
       8.06    -7.23587
       8.08   -13.14381
        8.1   -14.96782
       8.12   -12.52209
       8.14     -6.3223
       8.16     2.52069
       8.18    12.49516
        8.2    21.98799
       8.22    29.50026
       8.24    33.76058
       8.26    33.89844
       8.28    29.63611
        8.3    21.35549
       8.32    10.14328
       8.34    -2.28478
       8.36   -13.92237
       8.38   -22.86997
        8.4   -27.64362
       8.42   -27.43392
       8.44   -22.19653
       8.46   -12.69778
       8.48     -0.5103
        8.5    12.22034
       8.52    23.83748
       8.54    33.92522
       8.56    42.04169
       8.58    47.12959
        8.6    48.29733
       8.62    45.13561
       8.64    37.83674
       8.66    27.23173
       8.68    14.67876
        8.7     1.84481
       8.72    -9.57121
       8.74   -17.99679
       8.76   -22.09111
       8.78   -21.11964
        8.8     -15.405
       8.82    -6.25116
       8.84     4.64666
       8.86     15.4349
       8.88    23.98508
        8.9    28.28377
       8.92    26.99163
       8.94    19.58219
       8.96     6.93137
       8.98     -7.2439
         9.   -18.24869
       9.02   -23.84286
       9.04   -23.58086
       9.06   -17.34911
       9.08    -5.72083
        9.1      9.3632
       9.12    25.18658
       9.14     39.1101
       9.16     48.4737
       9.18    50.91185
        9.2    44.97554
       9.22    30.41415
       9.24     9.07421
       9.26   -14.69706
       9.28    -36.1046
        9.3   -51.32647
       9.32   -57.33492
       9.34   -52.44795
       9.36   -36.81588
       9.38   -12.37465
        9.4      17.276
       9.42    47.17064
       9.44    71.74707
       9.46    86.29177
       9.48    88.07844
        9.5    76.05863
       9.52    50.67209
       9.54    16.20408
       9.56   -19.73606
       9.58   -50.56135
        9.6     -71.675
       9.62   -80.56591
       9.64    -77.3858
       9.66   -63.83095
       9.68   -42.06091
        9.7   -14.64539
       9.72    14.53805
       9.74    40.48996
       9.76     58.5786
       9.78    65.71305
        9.8    60.56227
       9.82      43.404
       9.84    16.60101
       9.86    -15.5653
       9.88   -47.83177
        9.9    -74.5176
       9.92   -91.03143
       9.94   -95.35378
       9.96   -87.25167
       9.98   -67.81298
        10.   -40.30631
      10.02    -9.82828
      10.04    17.86376
      10.06    37.86361
      10.08    47.36189
       10.1    45.24376
      10.12    32.00076
      10.14    10.17875
      10.16     -16.205
      10.18     -42.554
       10.2   -64.53679
      10.22    -78.8133
      10.24   -83.48667
      10.26   -78.43902
      10.28   -65.31809
       10.3   -47.06485
      10.32   -26.99631
      10.34    -7.90953
      10.36      8.1527
      10.38    19.46049
       10.4    24.36095
      10.42    22.35956
      10.44    14.60401
      10.46     2.66683
      10.48   -11.93203
       10.5   -27.46287
      10.52   -42.05623
      10.54   -53.85563
      10.56   -61.22755
      10.58   -62.82894
       10.6   -57.97238
      10.62   -47.13663
      10.64   -31.87498
      10.66   -14.57979
      10.68      1.9129
       10.7    15.08199
      10.72    23.15233
      10.74    25.15735
      10.76    20.84908
      10.78    10.64403
       10.8    -4.25863
      10.82   -21.85368
      10.84   -39.40819
      10.86   -53.97542
      10.88    -63.0622
       10.9    -64.9189
      10.92   -59.13865
      10.94    -47.0592
      10.96   -31.24852
      10.98   -14.90265
        11.    -1.17745
      11.02     7.72168
      11.04    10.95598
      11.06     8.84071
      11.08     2.33628
       11.1    -7.40835
      11.12    -19.0434
      11.14   -30.99984
      11.16   -41.73607
      11.18   -49.78107
       11.2   -53.56289
      11.22   -51.79918
      11.24   -44.21562
      11.26   -31.74681
      11.28   -16.42056
       11.3    -0.92404
      11.32    11.99619
      11.34    20.01727
      11.36    21.67123
      11.38    16.79003
       11.4     6.56617
      11.42    -6.86134
      11.44   -20.78265
      11.46   -32.64311
      11.48   -40.69929
       11.5   -44.00415
      11.52   -42.37978
      11.54   -36.43852
      11.56   -27.48982
      11.58   -17.38242
       11.6    -8.21565
      11.62    -1.94712
      11.64    -0.03053
      11.66    -3.14651
      11.68   -11.09297
       11.7   -22.84963
      11.72   -36.71006
      11.74   -50.53774
      11.76     -62.176
      11.78   -69.86599
       11.8   -72.64308
      11.82   -70.53564
      11.84   -64.43336
      11.86   -55.31706
      11.88   -43.54129
       11.9   -29.45238
      11.92   -14.04131
      11.94     0.96566
      11.96    13.33254
      11.98    21.28931
        12.    24.09903
      12.02    21.75333
      12.04    14.68705
      12.06     3.86248
      12.08    -9.20686
       12.1   -22.56813
      12.12   -34.01195
      12.14   -41.57783
      12.16   -44.01519
      12.18   -40.95409
       12.2   -32.94137
      12.22   -21.33745
      12.24    -8.26848
      12.26     3.39749
      12.28    10.82094
       12.3    12.29659
      12.32     7.32978
      12.34    -3.43681
      12.36   -18.02013
      12.38   -33.87964
       12.4   -48.66811
      12.42   -60.16562
      12.44   -66.39545
      12.46   -66.06855
      12.48   -59.03449
       12.5   -46.59348
      12.52   -31.09202
      12.54    -15.0884
      12.56    -1.17006
      12.58     8.35943
       12.6    12.18025
      12.62     9.99043
      12.64     2.42475
      12.66    -9.00367
      12.68   -22.35642
       12.7   -35.56221
      12.72   -46.55683
      12.74   -53.45687
      12.76   -54.84201
      12.78   -50.28439
       12.8   -40.69689
      12.82    -28.0998
      12.84   -15.08328
      12.86    -4.19212
      12.88     2.60502
       12.9     4.16045
      12.92     0.26854
      12.94     -8.2101
      12.96   -19.54181
      12.98    -31.7308
        13.   -42.89201
      13.02   -51.40901
      13.04   -56.12463
      13.06   -56.44087
      13.08   -52.52582
       13.1   -45.31397
      13.12   -36.21172
      13.14   -26.56337
      13.16   -17.22702
      13.18    -8.99247
       13.2     -2.7402
      13.22     0.89477
      13.24     1.53921
      13.26     -0.9308
      13.28    -6.24097
       13.3   -13.75835
      13.32   -22.79296
      13.34   -32.05241
      13.36   -39.39094
      13.38   -43.24797
       13.4   -43.38666
      13.42   -40.39499
      13.44    -35.0239
      13.46   -27.49692
      13.48   -18.00287
       13.5    -7.92307
      13.52     0.46492
      13.54      5.2478
      13.56     5.47665
      13.58       1.325
       13.6    -6.18081
      13.62   -15.64014
      13.64   -25.47904
      13.66   -34.12269
      13.68   -40.31889
       13.7   -43.28251
      13.72   -42.73603
      13.74   -39.07889
      13.76   -33.25785
      13.78   -26.74755
       13.8   -21.29553
      13.82   -17.67083
      13.84   -15.34053
      13.86   -13.34652
      13.88   -11.12991
       13.9    -8.95243
      13.92    -7.45718
      13.94     -7.2583
      13.96    -8.82823
      13.98   -12.31373
        14.   -17.46964
      14.02   -23.84037
      14.04   -30.52962
      14.06      -35.79
      14.08   -38.03548
       14.1   -36.62812
      14.12   -31.63709
      14.14   -24.00902
      14.16   -15.53486
      14.18    -8.50274
       14.2     -5.0228
      14.22    -6.40218
      14.24   -13.02006
      14.26   -23.98834
      14.28   -37.05988
       14.3   -49.17598
      14.32   -57.35345
      14.34   -59.57023
      14.36   -55.35592
      14.38   -45.77803
       14.4   -32.94959
      14.42    -19.3978
      14.44    -7.21599
      14.46     2.13087
      14.48     7.51289
       14.5     8.16886
      14.52     3.89528
      14.54     -4.6077
      14.56   -15.72452
      14.58   -27.37347
       14.6   -37.35675
      14.62   -43.64194
      14.64   -44.95525
      14.66    -41.3408
      14.68   -33.91305
       14.7   -24.32182
      14.72   -14.49108
      14.74    -6.25238
      14.76    -1.07339
      14.78    -0.01355
       14.8    -3.30328
      14.82     -9.7487
      14.84   -17.36287
      14.86   -24.68974
      14.88   -30.94694
       14.9   -35.63906
      14.92   -38.54329
      14.94   -39.42735
      14.96   -37.88731
      14.98    -33.7283
        15.   -27.43586
      15.02    -20.3446
      15.04   -14.17427
      15.06   -10.50176
      15.08   -10.28116
       15.1   -13.34651
      15.12   -18.56552
      15.14   -24.41979
      15.16    -29.5203
      15.18   -32.89395
       15.2   -34.06455
      15.22   -33.07713
      15.24   -30.45021
      15.26   -26.77922
      15.28   -22.38456
       15.3   -17.51012
      15.32   -12.64656
      15.34    -8.66835
      15.36    -6.56486
      15.38    -7.05512
       15.4   -10.20011
      15.42   -15.33137
      15.44   -21.66179
      15.46   -28.50543
      15.48   -35.13117
       15.5   -40.72637
      15.52   -44.36071
      15.54   -45.26477
      15.56   -43.25996
      15.58   -38.91345
       15.6   -33.23181
      15.62   -27.00076
      15.64   -20.52543
      15.66   -14.02923
      15.68    -7.93339
       15.7    -3.04823
      15.72    -0.48867
      15.74    -1.09203
      15.76    -5.10991
      15.78   -11.98146
       15.8    -20.2354
      15.82    -28.0261
      15.84   -33.86739
      15.86    -36.9822
      15.88   -37.21939
       15.9   -34.93991
      15.92   -30.78558
      15.94   -25.39308
      15.96   -19.44908
      15.98   -13.69557
        16.    -8.81652
      16.02    -5.61318
      16.04     -4.9554
      16.06    -7.37675
      16.08   -12.88597
       16.1    -20.9233
      16.12   -30.35466
      16.14   -39.51556
      16.16   -46.38946
      16.18   -48.90006
       16.2   -45.77383
      16.22   -37.47205
      16.24   -25.81848
      16.26   -13.24547
      16.28    -2.40262
       16.3     4.48425
      16.32     6.29517
      16.34     2.87811
      16.36    -5.28612
      16.38   -16.86574
       16.4   -29.80846
      16.42   -41.87069
      16.44    -51.0181
      16.46   -55.65085
      16.48   -54.77375
       16.5   -48.20911
      16.52   -36.78842
      16.54   -22.44598
      16.56    -7.85832
      16.58     4.21806
       16.6    11.67484
      16.62    13.59184
      16.64    10.03577
      16.66     1.81751
      16.68    -9.60928
       16.7   -22.44118
      16.72   -34.67141
      16.74   -44.33879
      16.76    -49.9699
      16.78    -50.8301
       16.8     -46.821
      16.82   -38.51707
      16.84   -27.42678
      16.86   -15.81309
      16.88    -6.18852
       16.9    -0.76881
      16.92    -0.80793
      16.94    -6.25369
      16.96   -15.88819
      16.98    -27.5802
        17.   -38.79126
      17.02   -47.19401
      17.04   -51.12854
      17.06   -49.95863
      17.08   -44.08265
       17.1   -34.71984
      17.12   -23.66674
      17.14   -12.81492
      17.16    -3.71356
      17.18      2.5276
       17.2     5.31253
      17.22      4.6362
      17.24     0.88241
      17.26    -5.40193
      17.28   -13.43825
       17.3   -22.20432
      17.32   -30.58083
      17.34   -37.33048
      17.36   -41.16409
      17.38   -41.14965
       17.4   -37.12892
      17.42   -29.82909
      17.44   -20.59375
      17.46   -10.95926
      17.48    -2.37699
       17.5     3.86165
      17.52     6.73001
      17.54     5.68368
      17.56      0.7909
      17.58    -7.23894
       17.6   -17.18161
      17.62   -27.55539
      17.64   -37.09882
      17.66   -45.02759
      17.68   -50.68104
       17.7   -53.38128
      17.72   -52.68001
      17.74   -48.47485
      17.76   -40.93063
      17.78    -30.7172
       17.8   -19.20176
      17.82    -8.17197
      17.84     0.48321
      17.86     5.20437
      17.88      5.1417
       17.9     0.26029
      17.92    -8.69285
      17.94   -20.19054
      17.96   -32.10075
      17.98   -42.22793
        18.   -48.90324
      18.02   -51.22118
      18.04   -48.97814
      18.06   -42.56594
      18.08    -32.8525
       18.1   -21.20911
      18.12    -9.56417
      18.14    -0.11317
      18.16     5.35335
      18.18     6.05492
       18.2     2.28979
      18.22    -4.94986
      18.24   -14.44255
      18.26   -24.84902
      18.28   -34.63203
       18.3   -42.27681
      18.32   -46.60701
      18.34   -46.98265
      18.36   -43.42386
      18.38   -36.62295
       18.4   -27.81988
      18.42   -18.57813
      18.44   -10.52149
      18.46    -5.06288
      18.48    -3.17323
       18.5    -5.22462
      18.52   -10.95782
      18.54   -19.46521
      18.56   -29.18967
      18.58   -38.23109
       18.6   -44.77537
      18.62   -47.45932
      18.64   -45.81666
      18.66   -40.31405
      18.68   -31.81287
       18.7   -21.25515
      18.72    -9.87274
      18.74     0.66665
      18.76     8.52347
      18.78    12.01873
       18.8     9.95377
      18.82     2.15725
      18.84   -10.05811
      18.86   -24.28783
      18.88   -37.92777
       18.9   -48.59147
      18.92   -54.28783
      18.94   -53.79028
      18.96     -47.181
      18.98   -36.01522
        19.    -22.6458
      19.02    -9.52765
      19.04     1.06284
      19.06     7.28555
      19.08     8.00654
       19.1     2.99846
      19.12    -6.84693
      19.14   -19.48245
      19.16   -32.23876
      19.18   -42.65447
       19.2     -48.964
      19.22   -50.17459
      19.24   -46.09736
      19.26   -37.45866
      19.28   -25.90467
       19.3   -13.71872
      19.32    -3.37101
      19.34     3.04584
      19.36     4.42743
      19.38     0.79794
       19.4    -6.90619
      19.42   -17.04904
      19.44   -27.62612
      19.46    -36.6594
      19.48   -42.67782
       19.5    -45.0359
      19.52   -43.84583
      19.54   -39.84474
      19.56   -34.03234
      19.58   -27.19792
       19.6   -20.00789
      19.62   -13.26617
      19.64    -7.78709
      19.66     -4.2081
      19.68    -2.94305
       19.7     -4.1021
      19.72    -7.41668
      19.74   -12.24413
      19.76   -17.67952
      19.78   -22.82092
       19.8   -26.90589
      19.82   -29.33888
      19.84    -29.8833
      19.86   -28.74779
      19.88   -26.42279
       19.9   -23.45077
      19.92   -20.28633
      19.94   -17.30878
      19.96     -14.903
      19.98   -13.59938
        20.   -14.02357
      20.02    -16.6374
      20.04   -21.47356
      20.06   -27.96719
      20.08   -35.10127
       20.1   -41.62974
      20.12   -46.26599
      20.14   -47.92219
      20.16   -45.86379
      20.18   -39.87415
       20.2   -30.49141
      20.22   -19.00016
      20.24    -7.18383
      20.26     2.98364
      20.28     9.71191
       20.3    11.63811
      20.32     8.00809
      20.34    -1.06955
      20.36   -14.50687
      20.38   -30.25765
       20.4   -45.53573
      20.42   -57.46599
      20.44   -63.74356
      20.46   -62.97831
      20.48   -54.94005
       20.5     -40.877
      20.52   -23.45608
      20.54    -6.05516
      20.56     7.95171
      20.58    15.80601
       20.6    16.01457
      20.62     8.69794
      20.64    -4.53852
      20.66   -20.99789
      20.68   -37.41072
       20.7   -50.53308
      20.72   -57.73986
      20.74   -57.45524
      20.76   -49.49298
      20.78   -35.31737
       20.8   -17.75795
      20.82    -0.40837
      20.84     13.0973
      20.86    19.91258
      20.88    18.53114
       20.9     9.20121
      20.92    -6.20696
      20.94   -24.90633
      20.96   -43.67717
      20.98   -59.19807
        21.    -68.5302
      21.02   -69.84806
      21.04    -63.0107
      21.06   -49.46378
      21.08   -31.81364
       21.1   -13.34994
      21.12     2.54652
      21.14    13.05263
      21.16     16.5505
      21.18    12.86298
       21.2     3.05063
      21.22   -10.82995
      21.24   -26.11525
      21.26   -40.02782
      21.28   -50.08531
       21.3   -54.47606
      21.32   -52.41902
      21.34   -44.38016
      21.36    -31.9304
      21.38   -17.37092
       21.4    -3.28962
      21.42     7.90849
      21.44    14.34311
      21.46    14.90095
      21.48     9.41956
       21.5    -1.26728
      21.52   -15.39302
      21.54    -30.4837
      21.56   -43.84237
      21.58   -53.06188
       21.6   -56.44109
      21.62   -53.36449
      21.64   -44.44475
      21.66   -31.27239
      21.68   -16.00559
       21.7    -1.03494
      21.72    11.33972
      21.74    19.26806
      21.76    21.56212
      21.78    17.78181
       21.8     8.19991
      21.82    -6.22859
      21.84     -23.686
      21.86   -41.70165
      21.88    -57.5976
       21.9   -68.76417
      21.92   -73.19916
      21.94   -70.07596
      21.96   -59.90735
      21.98   -44.39943
        22.   -25.96804
      22.02    -7.17139
      22.04     9.46993
      22.06    21.59961
      22.08    27.24293
       22.1    25.17462
      22.12    15.37381
      22.14    -0.91008
      22.16   -21.34195
      22.18   -42.70063
       22.2   -61.33223
      22.22   -73.94232
      22.24    -78.2545
      22.26   -73.40034
      22.28   -60.15399
       22.3   -40.80987
      22.32   -18.70363
      22.34     2.39172
      22.36    18.95079
      22.38    28.32324
       22.4    29.10803
      22.42    21.34239
      22.44     6.46558
      22.46   -12.98863
      22.48   -33.78458
       22.5   -52.40479
      22.52   -65.60571
      22.54   -70.98579
      22.56   -67.41191
      22.58   -55.23406
       22.6   -36.49595
      22.62   -14.82412
      22.64      5.5879
      22.66    20.94105
      22.68    28.32636
       22.7    26.28765
      22.72     15.2149
      22.74    -2.82242
      22.76   -24.65924
      22.78    -46.5906
       22.8   -64.93467
      22.82   -76.60414
      22.84   -79.52082
      22.86   -72.92854
      22.88   -57.59917
       22.9   -35.89608
      22.92   -11.44966
      22.94    11.61901
      22.96     29.4596
      22.98    39.13125
        23.    39.14242
      23.02    29.67352
      23.04    12.45732
      23.06    -9.59484
      23.08   -32.91443
       23.1   -53.90266
      23.12   -69.50252
      23.14    -77.4747
      23.16   -76.61217
      23.18   -67.09092
       23.2   -50.54273
      23.22   -29.73982
      23.24    -8.13346
      23.26    10.71681
      23.28     23.7706
       23.3    29.08429
      23.32    26.11691
      23.34    15.74719
      23.36     0.02476
      23.38   -18.37567
       23.4   -36.59321
      23.42   -51.88671
      23.44   -62.05067
      23.46   -65.72835
      23.48   -62.51748
       23.5   -53.04266
      23.52   -38.89203
      23.54   -22.28321
      23.56    -5.69804
      23.58     8.37842
       23.6    17.58819
      23.62    20.03201
      23.64    14.98243
      23.66     3.32565
      23.68   -12.68413
       23.7   -30.02056
      23.72   -45.61585
      23.74   -57.02963
      23.76   -62.69577
      23.78    -62.0243
       23.8   -55.49951
      23.82   -44.49773
      23.84   -30.78913
      23.86   -16.21076
      23.88    -2.59036
       23.9     8.34796
      23.92    14.94722
      23.94    15.88407
      23.96    10.61734
      23.98    -0.37436
        24.   -15.36735
      24.02   -31.65542
      24.04   -46.23717
      24.06   -56.34594
      24.08   -59.92054
       24.1   -55.99398
      24.12   -45.03679
      24.14   -29.18308
      24.16   -11.74894
      24.18     3.61628
       24.2    13.59759
      24.22    15.83643
      24.24     9.58687
      24.26    -3.79749
      24.28   -21.24831
       24.3   -38.90915
      24.32   -52.84904
      24.34   -59.80888
      24.36   -58.23338
      24.38   -48.78519
       24.4   -33.78015
      24.42   -16.51713
      24.44    -0.67598
      24.46    10.65713
      24.48    15.68116
       24.5    13.87383
      24.52     5.73273
      24.54    -7.45999
      24.56    -23.7624
      24.58   -40.74305
       24.6   -55.73587
      24.62   -66.26509
      24.64   -70.64975
      24.66   -68.29857
      24.68   -59.69651
       24.7   -46.23916
      24.72   -29.87517
      24.74   -12.80161
      24.76     2.66168
      24.78    14.30923
       24.8    20.42877
      24.82    20.14734
      24.84    13.69168
      24.86     2.43537
      24.88   -11.42752
       24.9   -25.38599
      24.92   -36.99627
      24.94   -44.41242
      24.96   -46.91485
      24.98   -44.86331
        25.   -39.34138
      25.02   -31.81364
      25.04   -23.73014
      25.06   -16.29227
      25.08   -10.48125
       25.1    -7.20009
      25.12    -7.27603
      25.14   -11.04276
      25.16   -17.85966
      25.18   -26.22324
       25.2   -34.33005
      25.22   -40.55549
      25.24   -43.72563
      25.26   -43.11955
      25.28     -38.529
       25.3   -30.48181
      25.32   -20.17808
      25.34    -9.09844
      25.36     1.16075
      25.38     8.65662
       25.4    11.40669
      25.42     8.17103
      25.44    -1.14639
      25.46   -15.38485
      25.48   -32.17721
       25.5   -48.46326
      25.52   -61.37386
      25.54   -68.88384
      25.56   -70.01261
      25.58   -64.86305
       25.6   -54.56939
      25.62   -41.05566
      25.64    -26.6546
      25.66   -13.66834
      25.68    -3.77879
       25.7     2.37523
      25.72     5.05196
      25.74     5.06667
      25.76     3.00666
      25.78    -1.27598
       25.8    -8.04949
      25.82   -17.27302
      25.84   -28.39673
      25.86   -39.94684
      25.88   -49.70227
       25.9   -55.47449
      25.92   -55.66003
      25.94   -49.72278
      25.96   -38.71646
      25.98    -24.9895
        26.   -11.48261
      26.02    -1.24209
      26.04     3.34871
      26.06     1.26276
      26.08    -7.04712
       26.1   -19.88295
      26.12   -34.73582
      26.14     -48.788
      26.16   -59.33906
      26.18   -64.07065
       26.2   -61.44048
      26.22    -51.0749
      26.24   -33.89538
      26.26   -12.27672
      26.28    10.21002
       26.3     29.6492
      26.32    42.49323
      26.34    46.18714
      26.36    39.80357
      26.38    24.26273
       26.4     2.02998
      26.42   -23.39307
      26.44   -47.97991
      26.46   -67.79759
      26.48   -79.70696
       26.5   -81.92515
      26.52      -74.31
      26.54   -58.29066
      26.56   -36.54043
      26.58   -12.59629
       26.6     9.61735
      26.62    26.42124
      26.64    35.00112
      26.66    33.83544
      26.68     22.9502
       26.7     3.96105
      26.72   -20.19015
      26.74   -45.66072
      26.76   -68.22673
      26.78   -83.97854
       26.8   -90.03629
      26.82   -85.12687
      26.84   -69.91896
      26.86   -46.90814
      26.88   -19.89794
       26.9     6.71823
      26.92    28.66308
      26.94    42.27614
      26.96    45.08563
      26.98     36.4313
        27.    17.65597
      27.02    -8.12925
      27.04   -36.54877
      27.06   -62.66294
      27.08   -81.88252
       27.1   -90.84959
      27.12   -88.02962
      27.14   -74.00958
      27.16   -51.31809
      27.18   -23.83747
       27.2     3.90336
      27.22    27.40407
      27.24     42.8975
      27.26    47.96449
      27.28    41.85069
       27.3    25.57054
      27.32     1.85127
      27.34   -25.23578
      27.36   -51.02809
      27.38   -71.15825
       27.4   -82.24012
      27.42   -82.40229
      27.44   -71.73236
      27.46   -52.27745
      27.48   -27.59785
       27.5    -2.10025
      27.52    19.81942
      27.54    34.59878
      27.56    39.97905
      27.58    35.23927
       27.6    21.32759
      27.62     0.71585
      27.64    -22.9924
      27.66   -45.66157
      27.68   -63.37953
       27.7   -73.20253
      27.72   -73.65168
      27.74     -64.874
      27.76   -48.57777
      27.78   -27.75294
       27.8    -6.19406
      27.82    12.18182
      27.84    24.08738
      27.86    27.46365
      27.88    21.84373
       27.9     8.42806
      27.92   -10.18459
      27.94   -30.57415
      27.96   -49.12002
      27.98   -62.60655
        28.    -68.8589
      28.02    -67.0633
      28.04   -57.75728
      28.06   -42.71483
      28.08   -24.66313
       28.1    -6.81964
      28.12     7.67168
      28.14    16.34226
      28.16    17.89967
      28.18    12.40961
       28.2     1.18544
      28.22   -13.49298
      28.24   -28.94521
      28.26     -42.685
      28.28   -52.69454
       28.3   -57.62965
      28.32    -57.0243
      28.34   -51.23348
      28.36   -41.22264
      28.38    -28.5197
       28.4   -15.11105
      28.42    -3.09735
      28.44      5.6352
      28.46     9.71329
      28.48     8.53356
       28.5     2.38192
      28.52     -7.5917
      28.54   -19.61277
      28.56   -31.68615
      28.58   -41.93955
       28.6   -48.80621
      28.62    -51.1317
      28.64   -48.38014
      28.66   -40.81711
      28.68   -29.53674
       28.7   -16.42876
      28.72    -3.85433
      28.74     5.87303
      28.76    10.86844
      28.78    10.00336
       28.8     3.17028
      28.82    -8.63496
      28.84   -23.46791
      28.86   -38.80208
      28.88   -51.94496
       28.9   -60.52167
      28.92   -62.98288
      28.94   -58.84712
      28.96   -48.71409
      28.98   -34.16781
        29.   -17.55022
      29.02    -1.60315
      29.04    11.02078
      29.06    18.23429
      29.08    18.89935
       29.1    13.05372
      29.12     1.85943
      29.14   -12.63483
      29.16   -27.87409
      29.18   -41.31181
       29.2   -50.84412
      29.22   -55.17565
      29.24   -53.98888
      29.26   -47.81025
      29.28   -37.89408
       29.3   -25.99777
      29.32   -14.05153
      29.34     -3.9279
      29.36     2.76889
      29.38     4.91577
       29.4     2.10282
      29.42    -5.17538
      29.44   -15.54133
      29.46   -27.03748
      29.48   -37.55645
       29.5   -45.30688
      29.52   -49.11661
      29.54   -48.52283
      29.56   -43.77572
      29.58   -35.70746
       29.6   -25.59756
      29.62   -15.02724
      29.64    -5.63658
      29.66      1.1106
      29.68     4.15557
       29.7     3.04984
      29.72     -1.9447
      29.74    -9.90061
      29.76   -19.47339
      29.78   -29.20412
       29.8   -37.67311
      29.82   -43.65491
      29.84   -46.33887
      29.86   -45.42921
      29.88   -41.13063
       29.9   -34.13724
      29.92   -25.56645
      29.94   -16.80862
      29.96    -9.32862
      29.98    -4.37968
        30.    -2.74241
