 
 SAP2000 v18.2.0 File: FRAME  N, mm, C Units  PAGE 1
 m/d/yy h:mm:ss
 
 T I M E   H I S T O R Y   D A T A 
 
 CASE  NLDHIST_2g
 FUNCTION  Joint2-1:  Joint 2  Displacement  UX    
 
       TIME    FUNCTION
               Joint2-1
         0.     0.09637
       0.02     0.15528
       0.04     0.37608
       0.06     0.76223
       0.08     1.22946
        0.1      1.7083
       0.12     2.15677
       0.14     2.52558
       0.16     2.73697
       0.18     2.71403
        0.2     2.42596
       0.22     1.93787
       0.24     1.41295
       0.26      1.0287
       0.28     0.87867
        0.3     0.95235
       0.32      1.1778
       0.34     1.45032
       0.36      1.6513
       0.38     1.70102
        0.4     1.63194
       0.42     1.57361
       0.44     1.63935
       0.46     1.78416
       0.48     1.79067
        0.5      1.4229
       0.52     0.67982
       0.54    -0.11334
       0.56    -0.61684
       0.58     -0.6514
        0.6    -0.11116
       0.62     1.03236
       0.64     2.66216
       0.66      4.4261
       0.68     5.86706
        0.7      6.6681
       0.72     6.67028
       0.74     5.81047
       0.76     4.09396
       0.78     1.61196
        0.8    -1.42131
       0.82    -4.63319
       0.84    -7.56231
       0.86    -9.86131
       0.88   -11.32847
        0.9    -11.7725
       0.92   -11.02778
       0.94    -9.08445
       0.96    -6.15035
       0.98    -2.72494
         1.     0.44572
       1.02     2.60081
       1.04     3.13967
       1.06     1.74812
       1.08    -1.42591
        1.1    -5.73686
       1.12   -10.19915
       1.14   -13.77372
       1.16   -15.54246
       1.18   -14.52589
        1.2    -9.96813
       1.22    -2.19977
       1.24     7.25295
       1.26    16.33896
       1.28    23.02548
        1.3    25.70806
       1.32     23.5395
       1.34    16.55128
       1.36     5.61037
       1.38    -7.79451
        1.4   -21.80986
       1.42   -34.51195
       1.44   -44.07615
       1.46   -48.75452
       1.48   -47.28925
        1.5   -39.58534
       1.52   -26.90696
       1.54   -11.52039
       1.56     3.85202
       1.58    16.42526
        1.6    23.73741
       1.62     24.7317
       1.64    21.12932
       1.66    16.37441
       1.68    12.90638
        1.7    11.59983
       1.72    12.54575
       1.74     15.2936
       1.76    19.14114
       1.78    23.36751
        1.8      27.267
       1.82    30.11603
       1.84    31.09531
       1.86    29.50777
       1.88    25.05628
        1.9    17.88522
       1.92     8.52172
       1.94    -2.20052
       1.96   -13.23793
       1.98   -23.50005
         2.   -32.05739
       2.02   -38.28767
       2.04   -41.98124
       2.06   -43.37305
       2.08   -42.99868
        2.1   -41.53503
       2.12   -39.72001
       2.14   -37.87987
       2.16   -35.53596
       2.18   -30.32388
        2.2   -18.44066
       2.22     0.74598
       2.24    23.72228
       2.26    45.80204
       2.28     62.5143
        2.3    70.91091
       2.32    69.69615
       2.34    58.61435
       2.36    38.89652
       2.38    13.38883
        2.4   -14.19461
       2.42   -39.14097
       2.44   -55.02336
       2.46   -56.97556
       2.48   -44.89332
        2.5   -21.90081
       2.52     6.86104
       2.54     34.9445
       2.56    56.90602
       2.58    71.03673
        2.6    78.34362
       2.62    79.25686
       2.64    73.79708
       2.66    62.73291
       2.68    47.57002
        2.7    30.48132
       2.72    14.03489
       2.74     0.60732
       2.76     -7.9936
       2.78   -10.75887
        2.8    -7.49819
       2.82     1.50673
       2.84    15.38073
       2.86    32.27689
       2.88    49.38216
        2.9    63.42506
       2.92    71.51913
       2.94    71.81722
       2.96    63.80237
       2.98    48.38453
         3.    27.82545
       3.02     5.83967
       3.04   -12.81814
       3.06   -24.31691
       3.08   -26.92694
        3.1   -20.69558
       3.12    -7.31233
       3.14    10.17654
       3.16    28.02206
       3.18    42.49583
        3.2    51.28944
       3.22    54.00463
       3.24     50.5859
       3.26    41.19217
       3.28     26.9557
        3.3     9.74705
       3.32     -8.1164
       3.34   -22.60488
       3.36   -28.10802
       3.38   -22.05873
        3.4     -6.1898
       3.42    15.75913
       3.44    38.74593
       3.46     58.6411
       3.48    73.74579
        3.5     82.7648
       3.52    84.38661
       3.54    78.35805
       3.56    65.38828
       3.58    47.22172
        3.6    26.59646
       3.62     7.20447
       3.64    -7.15971
       3.66   -14.07161
       3.68   -12.68002
        3.7    -3.61569
       3.72    11.02093
       3.74    28.09774
       3.76    44.14051
       3.78    56.28595
        3.8    62.91073
       3.82    63.49991
       3.84    58.19789
       3.86    47.69361
       3.88    33.38572
        3.9    17.24209
       3.92      1.4628
       3.94   -11.85755
       3.96   -21.02662
       3.98   -24.19912
         4.   -19.42279
       4.02    -6.63407
       4.04    11.76717
       4.06    32.48797
       4.08    52.23893
        4.1    67.65961
       4.12    75.75469
       4.14    74.77145
       4.16    64.54059
       4.18    46.47168
        4.2    23.32949
       4.22    -1.25876
       4.24   -23.45996
       4.26   -40.47648
       4.28   -51.37216
        4.3   -56.18791
       4.32   -55.01492
       4.34   -47.88641
       4.36   -34.10272
       4.38   -13.57009
        4.4    10.52874
       4.42    33.30938
       4.44    51.01887
       4.46    62.00775
       4.48    66.69256
        4.5    65.96789
       4.52    60.07133
       4.54    49.36729
       4.56    34.94726
       4.58     18.3771
        4.6     1.46833
       4.62   -13.99386
       4.64   -26.54867
       4.66    -35.1761
       4.68   -38.16857
        4.7   -33.22477
       4.72   -20.39867
       4.74    -2.55685
       4.76    16.36032
       4.78     32.0751
        4.8    40.82844
       4.82    40.09001
       4.84    29.61346
       4.86    13.53458
       4.88    -1.69003
        4.9   -12.05746
       4.92     -15.983
       4.94   -13.22274
       4.96    -4.47707
       4.98     9.72563
         5.    27.90618
       5.02    46.77564
       5.04    62.57847
       5.06    72.30422
       5.08     74.2742
        5.1    68.01848
       5.12    54.35835
       5.14    36.04537
       5.16    17.10624
       5.18     1.24595
        5.2    -8.79987
       5.22   -11.58494
       5.24    -7.25154
       5.26     2.61658
       5.28    15.92407
        5.3    31.34485
       5.32    47.08137
       5.34    59.99609
       5.36    67.20913
       5.38    66.80023
        5.4    58.07723
       5.42    41.84654
       5.44    20.31872
       5.46    -2.84608
       5.48   -23.05163
        5.5   -36.16738
       5.52   -39.94509
       5.54   -34.37312
       5.56   -21.15757
       5.58    -3.30711
        5.6    15.33961
       5.62    30.84234
       5.64    39.89049
       5.66    40.84276
       5.68    34.44893
        5.7    23.16605
       5.72     9.80766
       5.74    -3.15127
       5.76   -13.60569
       5.78   -19.74851
        5.8   -20.13927
       5.82   -14.22621
       5.84    -2.88387
       5.86    11.87193
       5.88    27.49807
        5.9    41.24699
       5.92    50.56026
       5.94    53.56622
       5.96    49.38131
       5.98    38.33536
         6.    22.28595
       6.02     4.53303
       6.04   -11.04728
       6.06   -21.28626
       6.08   -24.65313
        6.1   -21.09976
       6.12   -11.39725
       6.14     2.94837
       6.16    19.38521
       6.18    34.72156
        6.2    45.94117
       6.22    50.76619
       6.24    48.36031
       6.26     39.6356
       6.28    26.64148
        6.3    11.84954
       6.32    -2.22084
       6.34   -13.19737
       6.36   -19.08495
       6.38   -18.75519
        6.4   -12.32961
       6.42    -1.09048
       6.44    12.82631
       6.46    26.92223
       6.48    38.95747
        6.5    47.22777
       6.52    50.46866
       6.54    48.01944
       6.56    40.23118
       6.58    28.44128
        6.6    14.63413
       6.62     1.01092
       6.64   -10.14437
       6.66   -16.66613
       6.68   -17.32107
        6.7   -12.08081
       6.72    -1.88134
       6.74    11.45821
       6.76    25.47744
       6.78    37.52903
        6.8    45.27081
       6.82    47.08774
       6.84     42.3039
       6.86    31.34305
       6.88    16.26076
        6.9     0.62431
       6.92   -12.04978
       6.94   -19.49294
       6.96    -20.7089
       6.98   -15.74443
         7.    -5.38239
       7.02     8.97393
       7.04    25.13361
       7.06    40.18883
       7.08    51.13232
        7.1    55.64807
       7.12    52.59412
       7.14    42.24427
       7.16    26.46895
       7.18     8.54122
        7.2    -7.84315
       7.22   -19.65512
       7.24   -24.88332
       7.26   -22.63152
       7.28   -13.42277
        7.3     0.85647
       7.32    17.41702
       7.34    33.07915
       7.36    44.90305
       7.38     50.8767
        7.4     50.2293
       7.42    43.20347
       7.44    30.79835
       7.46    14.86462
       7.48    -1.76345
        7.5   -15.77719
       7.52   -24.38012
       7.54   -25.91919
       7.56   -20.16705
       7.58    -8.31645
        7.6      7.2985
       7.62    23.61019
       7.64    37.42036
       7.66    46.06149
       7.68    48.01063
        7.7    43.11829
       7.72    32.32199
       7.74    17.32444
       7.76     0.73679
       7.78   -14.18843
        7.8   -24.48452
       7.82   -27.88723
       7.84   -23.33345
       7.86   -11.40811
       7.88     5.90123
        7.9    25.59663
       7.92    44.20694
       7.94    58.44453
       7.96    65.61397
       7.98    63.95977
         8.    53.59483
       8.02    36.88725
       8.04    17.40153
       8.06    -1.27347
       8.08   -15.97002
        8.1   -24.21524
       8.12   -24.68517
       8.14   -17.44239
       8.16    -3.89696
       8.18    13.46152
        8.2    31.56188
       8.22    47.25068
       8.24    57.71983
       8.26    60.96681
       8.28    56.19305
        8.3    43.95971
       8.32    26.18965
       8.34     5.92417
       8.36   -13.27586
       8.38   -28.02991
        8.4   -35.73227
       8.42   -35.02476
       8.44   -25.98867
       8.46   -10.16177
       8.48     9.61895
        8.5    29.69946
       8.52    46.96481
       8.54    59.86761
       8.56    67.37642
       8.58    68.51589
        8.6    63.12127
       8.62    51.98475
       8.64    36.76707
       8.66    19.79407
       8.68     3.67292
        8.7    -9.16862
       8.72   -16.90726
       8.74   -18.51682
       8.76   -13.79562
       8.78    -3.54518
        8.8    10.24909
       8.82    24.78964
       8.84    37.33927
       8.86    45.65561
       8.88    47.95786
        8.9    43.27655
       8.92    31.84266
       8.94    14.95895
       8.96    -4.73008
       8.98    -22.1313
         9.   -31.84843
       9.02   -31.78085
       9.04   -22.46228
       9.06    -5.42476
       9.08    16.74492
        9.1     40.0932
       9.12    60.27522
       9.14    73.84365
       9.16    78.51909
       9.18    73.22941
        9.2    58.10594
       9.22    34.61391
       9.24     6.36996
       9.26   -20.81318
       9.28   -41.68642
        9.3   -53.62819
       9.32    -55.5908
       9.34     -47.266
       9.36   -29.56445
       9.38    -4.96629
        9.4    22.61372
       9.42    48.23316
       9.44    67.27736
       9.46    77.02675
       9.48    76.27623
        9.5    64.57268
       9.52    42.88802
       9.54     15.3694
       9.56    -11.3957
       9.58     -31.961
        9.6   -43.28977
       9.62   -44.38161
       9.64   -35.99444
       9.66   -20.39025
       9.68    -0.35921
        9.7    21.66272
       9.72    42.48779
       9.74    58.18419
       9.76    65.78129
       9.78     63.9309
        9.8    52.75579
       9.82    33.83531
       9.84    10.12681
       9.86   -14.44834
       9.88   -35.55776
        9.9   -49.42286
       9.92   -53.85283
       9.94   -48.39272
       9.96   -33.94004
       9.98   -12.63284
        10.    11.79002
      10.02    34.44539
      10.04    50.63822
      10.06    57.34119
      10.08    54.00852
       10.1      41.779
      10.12    22.97502
      10.14     1.20402
      10.16   -19.29262
      10.18   -34.67484
       10.2   -42.32884
      10.22   -41.19862
      10.24   -31.94644
      10.26   -16.89218
      10.28     0.54213
       10.3     16.5485
      10.32    28.02013
      10.34    33.52893
      10.36    33.25151
      10.38    28.16517
       10.4    19.41553
      10.42     8.83618
      10.44     -0.9407
      10.46    -7.92756
      10.48   -11.41379
       10.5   -11.52661
      10.52    -8.96332
      10.54    -4.76512
      10.56     0.01588
      10.58     4.70528
       10.6     8.93049
      10.62    12.33176
      10.64     14.6157
      10.66      15.544
      10.68    15.01333
       10.7    13.33532
      10.72    11.17561
      10.74     9.24959
      10.76     7.92699
      10.78     7.07401
       10.8     6.30697
      10.82     5.26123
      10.84      3.9169
      10.86     2.56908
      10.88      1.5663
       10.9     1.37463
      10.92     2.19454
      10.94     3.55565
      10.96     4.69643
      10.98     4.87771
        11.     3.62466
      11.02     1.21126
      11.04     -1.3317
      11.06    -2.76172
      11.08    -2.27535
       11.1     0.06055
      11.12     3.51903
      11.14     7.10685
      11.16     9.75249
      11.18    10.69914
       11.2    10.06326
      11.22     8.66831
      11.24     7.37979
      11.26     6.79943
      11.28     7.10203
       11.3     8.09577
      11.32     9.41825
      11.34    10.62104
      11.36    11.30282
      11.38    11.39717
       11.4    11.21664
      11.42    11.19331
      11.44    11.79164
      11.46    13.14577
      11.48    14.80963
       11.5    16.13855
      11.52     16.5745
      11.54    15.75093
      11.56    13.54095
      11.58    10.00754
       11.6     5.37423
      11.62     0.02538
      11.64    -5.52744
      11.66   -10.69873
      11.68   -14.93175
       11.7   -17.82217
      11.72   -19.14014
      11.74   -18.84025
      11.76    -17.1211
      11.78   -14.44501
       11.8   -11.56547
      11.82    -9.43729
      11.84    -8.92486
      11.86   -10.03952
      11.88   -11.39211
       11.9   -11.11968
      11.92    -7.93134
      11.94    -1.58993
      11.96     6.99043
      11.98    16.51432
        12.    25.81841
      12.02    33.66192
      12.04    38.66644
      12.06    39.72322
      12.08     36.3738
       12.1    29.02613
      12.12    19.01963
      12.14     8.24112
      12.16    -1.35463
      12.18    -8.06169
       12.2   -10.70748
      12.22     -8.8519
      12.24    -3.04095
      12.26     4.96486
      12.28    12.80277
       12.3    18.56842
      12.32    20.95427
      12.34    19.33253
      12.36    14.17911
      12.38     6.53605
       12.4    -2.50269
      12.42   -11.53435
      12.44   -18.85062
      12.46   -22.86298
      12.48   -22.62678
       12.5   -18.30025
      12.52   -10.92949
      12.54    -1.81867
      12.56     7.46161
      12.58    15.24132
       12.6    20.36884
      12.62    22.23568
      12.64     20.7588
      12.66     16.4447
      12.68    10.09933
       12.7     2.71459
      12.72    -4.50659
      12.74   -10.19879
      12.76   -13.05009
      12.78   -12.33282
       12.8    -8.31294
      12.82    -2.12301
      12.84     4.63957
      12.86    10.38164
      12.88    13.90708
       12.9     14.5499
      12.92    12.22676
      12.94     7.54492
      12.96     1.64651
      12.98    -4.31435
        13.    -9.41678
      13.02   -12.98228
      13.04   -14.61858
      13.06   -14.19985
      13.08    -11.9994
       13.1    -8.67226
      13.12    -5.00279
      13.14    -1.46811
      13.16     2.04551
      13.18     5.66313
       13.2     9.21091
      13.22    12.43908
      13.24    14.98078
      13.26    16.34685
      13.28    16.14415
       13.3    14.15358
      13.32    10.17427
      13.34     4.71685
      13.36     -0.6255
      13.38    -4.54211
       13.4    -6.71913
      13.42     -7.3617
      13.44     -6.5973
      13.46    -3.89097
      13.48     1.33031
       13.5      8.3217
      13.52    15.22198
      13.54    20.26721
      13.56    22.38912
      13.58    21.40814
       13.6    17.82668
      13.62    12.43359
      13.64     6.19532
      13.66      0.1717
      13.68    -4.73569
       13.7    -7.88266
      13.72     -8.9097
      13.74    -7.93071
      13.76    -5.45103
      13.78    -2.41584
       13.8    -0.03166
      13.82     1.40685
      13.84     2.76496
      13.86     5.12948
      13.88     8.95379
       13.9     13.6517
      13.92    18.09876
      13.94    21.13641
      13.96    21.78915
      13.98    19.54288
        14.    14.47628
      14.02     7.10432
      14.04    -1.41055
      14.06    -8.91009
      14.08   -13.34612
       14.1   -13.66708
      14.12    -9.65881
      14.14     -2.1622
      14.16     6.95528
      14.18    15.18386
       14.2    20.11439
      14.22    20.14177
      14.24    14.65823
      14.26      4.4358
      14.28    -8.27422
       14.3   -20.31764
      14.32   -28.57798
      14.34   -30.92115
      14.36    -26.8295
      14.38   -17.40123
       14.4    -4.83913
      14.42     8.22245
      14.44     19.6144
      14.46    27.86597
      14.48    31.93096
       14.5    31.21984
      14.52    25.76622
      14.54    16.53129
      14.56     5.36007
      14.58    -5.52765
       14.6   -13.93633
      14.62   -18.00132
      14.64   -16.77477
      14.66   -10.73956
      14.68    -1.48265
       14.7     8.93699
      14.72    18.34198
      14.74    24.86992
      14.76    27.27018
      14.78    24.92561
       14.8    18.20451
      14.82     8.94889
      14.84    -0.28545
      14.86    -7.67409
      14.88   -12.34826
       14.9    -14.0318
      14.92    -12.9911
      14.94    -9.66745
      14.96    -4.39695
      14.98     2.33681
        15.     9.55023
      15.02    15.68502
      15.04    19.12482
      15.06    18.72162
      15.08    14.21483
       15.1     6.61319
      15.12    -2.11188
      15.14    -9.76777
      15.16   -14.59203
      15.18    -15.6192
       15.2   -12.76856
      15.22    -6.80045
      15.24     0.86198
      15.26     8.69733
      15.28     15.6088
       15.3    20.86642
      15.32    23.87168
      15.34    24.04252
      15.36     21.0369
      15.38    15.03104
       15.4     6.95374
      15.42    -1.61843
      15.44    -9.23874
      15.46   -14.93437
      15.48   -18.11656
       15.5   -18.52432
      15.52   -16.09697
      15.54   -11.10625
      15.56    -4.40812
      15.58     2.58422
       15.6     8.36163
      15.62    12.07593
      15.64     13.8154
      15.66     14.1366
      15.68    13.64672
       15.7    12.63348
      15.72    10.96418
      15.74     8.50714
      15.76     5.32675
      15.78        1.86
       15.8    -0.96709
      15.82    -2.19204
      15.84    -1.41097
      15.86     1.04829
      15.88     4.39571
       15.9     7.65635
      15.92    10.01154
      15.94    11.11904
      15.96    11.00965
      15.98     9.95931
        16.      8.4278
      16.02     6.68869
      16.04     4.69809
      16.06     2.36484
      16.08    -0.32959
       16.1    -3.28162
      16.12    -6.18213
      16.14    -8.42474
      16.16    -9.11488
      16.18    -7.18712
       16.2    -2.11281
      16.22     5.28452
      16.24    13.26753
      16.26    19.94081
      16.28    23.57223
       16.3    23.09877
      16.32    18.62555
      16.34    11.08442
      16.36       1.711
      16.38    -7.87518
       16.4   -15.86476
      16.42   -20.76406
      16.44     -21.685
      16.46   -18.38807
      16.48   -11.22846
       16.5    -1.14143
      16.52    10.35997
      16.54    21.21975
      16.56    29.23966
      16.58    32.68265
       16.6    30.84692
      16.62    24.37715
      16.64    14.79659
      16.66     4.00694
      16.68    -6.01342
       16.7    -13.6082
      16.72   -17.57976
      16.74   -17.31288
      16.76   -12.99616
      16.78    -5.59286
       16.8     3.55387
      16.82     12.9369
      16.84    20.79312
      16.86    25.34077
      16.88    25.21893
       16.9    19.85286
      16.92     9.84885
      16.94    -2.97865
      16.96   -16.05955
      16.98    -26.5717
        17.   -32.08931
      17.02   -31.20405
      17.04   -23.83832
      17.06   -11.33415
      17.08     3.88286
       17.1    18.88248
      17.12    30.78943
      17.14    37.47243
      17.16    38.03805
      17.18    32.82153
       17.2      23.211
      17.22    11.37523
      17.24    -0.32516
      17.26    -9.91658
      17.28   -15.99949
       17.3   -17.84905
      17.32   -15.51275
      17.34    -9.58844
      17.36    -0.97397
      17.38     9.10037
       17.4    19.02826
      17.42    27.02392
      17.44    31.58093
      17.46    31.93183
      17.48    28.19893
       17.5    21.20048
      17.52     12.1922
      17.54     2.69065
      17.56    -5.75368
      17.58   -11.78651
       17.6   -14.49167
      17.62   -13.59966
      17.64    -9.75898
      17.66    -4.46245
      17.68     0.70298
       17.7       4.587
      17.72     6.54157
      17.74       6.487
      17.76     5.01277
      17.78      2.9999
       17.8     1.15536
      17.82    -0.06751
      17.84    -0.52747
      17.86    -0.30014
      17.88     0.46234
       17.9     1.53066
      17.92     2.60867
      17.94     3.51486
      17.96     4.29737
      17.98     5.04051
        18.     5.62368
      18.02     5.77916
      18.04     5.34432
      18.06     4.42267
      18.08     3.41201
       18.1     2.75645
      18.12     2.58315
      18.14     2.64884
      18.16     2.69194
      18.18     2.79122
       18.2     3.29773
      18.22     4.44551
      18.24     6.01779
      18.26      7.4817
      18.28     8.38762
       18.3     8.48364
      18.32     7.69275
      18.34     6.11844
      18.36     4.00174
      18.38     1.65568
       18.4    -0.58689
      18.42    -2.41846
      18.44    -3.60962
      18.46    -4.04672
      18.48    -3.75152
       18.5    -2.87559
      18.52    -1.69549
      18.54    -0.49715
      18.56     0.63144
      18.58     1.77109
       18.6     3.04404
      18.62     4.52634
      18.64     6.01092
      18.66     7.07941
      18.68     7.62958
       18.7     8.05806
      18.72     8.82062
      18.74     9.99963
      18.76    11.27727
      18.78    12.02226
       18.8    11.44864
      18.82     9.10903
      18.84      5.4069
      18.86     1.35568
      18.88    -2.09007
       18.9    -4.18838
      18.92      -4.325
      18.94    -2.16488
      18.96     1.94349
      18.98     6.84733
        19.    11.20533
      19.02    14.02584
      19.04    14.71346
      19.06    13.05417
      19.08     9.21955
       19.1     3.75249
      19.12    -2.35003
      19.14    -7.62502
      19.16   -10.59122
      19.18   -10.39407
       19.2    -7.03374
      19.22    -1.14918
      19.24     6.22681
      19.26    13.76735
      19.28    19.95734
       19.3    23.36619
      19.32    22.96736
      19.34    18.47027
      19.36    10.63201
      19.38     1.08056
       19.4    -8.18342
      19.42    -15.1948
      19.44   -18.42644
      19.46   -17.11606
      19.48   -11.54762
       19.5    -3.07051
      19.52     6.31641
      19.54    14.43274
      19.56    19.53916
      19.58    20.94609
       19.6    18.91033
      19.62    14.21244
      19.64     8.00628
      19.66     1.66314
      19.68    -3.53034
       19.7    -6.58603
      19.72     -6.9275
      19.74    -4.44524
      19.76     0.48612
      19.78     6.96599
       19.8    13.74527
      19.82     19.5484
      19.84    23.20511
      19.86    23.80676
      19.88     20.9894
       19.9    15.13863
      19.92     7.36382
      19.94    -0.79219
      19.96     -7.7733
      19.98    -12.4893
        20.   -14.54375
      20.02   -14.14341
      20.04   -11.86591
      20.06    -8.38742
      20.08    -4.40805
       20.1    -0.57816
      20.12     2.63625
      20.14     5.00834
      20.16     6.61185
      20.18     7.75858
       20.2      8.7359
      20.22     9.66876
      20.24    10.52729
      20.26     11.1424
      20.28    11.28295
       20.3    10.64705
      20.32     8.87662
      20.34     5.75608
      20.36     1.39104
      20.38    -3.64651
       20.4    -8.29599
      20.42   -11.38373
      20.44   -12.01448
      20.46    -9.69662
      20.48    -4.44954
       20.5     2.91449
      20.52    10.78272
      20.54    17.28902
      20.56    20.79639
      20.58    20.23826
       20.6    15.50145
      20.62     7.55059
      20.64     -1.8471
      20.66   -10.55711
      20.68   -16.52324
       20.7   -18.18387
      20.72   -14.80086
      20.74    -6.58509
      20.76     5.26041
      20.78    18.52151
       20.8    30.40399
      20.82    38.15572
      20.84    39.67609
      20.86    34.10751
      20.88    22.06483
       20.9     5.69058
      20.92   -11.81427
      20.94   -27.14882
      20.96   -37.51465
      20.98     -40.903
        21.   -36.37756
      21.02   -24.47792
      21.04    -7.38931
      21.06    11.56614
      21.08    28.70257
       21.1    40.66441
      21.12    45.05996
      21.14     40.9638
      21.16    29.25167
      21.18    12.40849
       21.2    -6.14491
      21.22   -22.72247
      21.24   -34.07035
      21.26   -37.98774
      21.28   -33.65601
       21.3   -21.73849
      21.32    -4.31543
      21.34    15.40198
      21.36    33.70629
      21.38    47.16168
       21.4    53.26708
      21.42    50.92875
      21.44    40.58596
      21.46    24.05561
      21.48       4.205
       21.5   -15.53908
      21.52   -31.72107
      21.54   -41.39608
      21.56   -42.71658
      21.58   -35.31391
       21.6   -20.37035
      21.62    -0.49952
      21.64    20.68027
      21.66    39.33588
      21.68    52.24017
       21.7    57.31366
      21.72    53.90699
      21.74    42.87749
      21.76      26.335
      21.78     7.15399
       21.8   -11.64315
      21.82    -27.4035
      21.84   -37.96891
      21.86   -41.95558
      21.88   -39.02341
       21.9   -29.75766
      21.92   -15.66369
      21.94      0.8664
      21.96    16.94828
      21.98    29.77219
        22.    37.29069
      22.02    38.73486
      22.04     34.4949
      22.06    25.75046
      22.08    14.08396
       22.1     1.24198
      22.12   -10.91754
      22.14   -20.68301
      22.16   -26.75865
      22.18    -28.2956
       22.2   -24.95092
      22.22   -17.12611
      22.24    -6.00593
      22.26     6.63614
      22.28    18.65418
       22.3    27.89391
      22.32    32.66145
      22.34    32.06166
      22.36    26.20499
      22.38    16.22503
       22.4     4.01275
      22.42    -8.15605
      22.44   -18.04487
      22.46   -23.91068
      22.48   -24.77325
       22.5   -20.46049
      22.52   -11.60262
      22.54     0.45344
      22.56    13.85249
      22.58    26.52586
       22.6     36.2799
      22.62    40.94535
      22.64    39.16194
      22.66    30.87271
      22.68    17.19307
       22.7     0.29284
      22.72     -16.832
      22.74   -30.98382
      22.76      -39.56
      22.78    -41.0322
       22.8   -35.15221
      22.82   -22.94616
      22.84    -6.43035
      22.86    11.77658
      22.88     28.8311
       22.9     41.9681
      22.92    48.91107
      22.94    48.43433
      22.96    40.64398
      22.98    26.95069
        23.      9.8706
      23.02    -7.44029
      23.04   -21.82643
      23.06   -30.76742
      23.08   -32.84942
       23.1   -28.03602
      23.12   -17.63752
      23.14    -3.84147
      23.16    10.83117
      23.18    23.81591
       23.2    32.84643
      23.22    36.38638
      23.24    33.88746
      23.26    25.87049
      23.28    13.86012
       23.3     0.18487
      23.32    -12.4478
      23.34   -21.49455
      23.36   -25.11674
      23.38   -22.69644
       23.4   -14.92574
      23.42     -3.5029
      23.44     9.21515
      23.46    20.68389
      23.48    28.73485
       23.5    31.94189
      23.52    29.81772
      23.54    22.95398
      23.56    12.89905
      23.58     1.72294
       23.6    -8.63455
      23.62   -16.76374
      23.64   -21.62778
      23.66    -22.4115
      23.68   -18.74844
       23.7   -10.99225
      23.72    -0.36957
      23.74    11.08564
      23.76     21.0514
      23.78    27.48096
       23.8    28.95336
      23.82     25.0114
      23.84    16.49529
      23.86     5.41192
      23.88    -5.65937
       23.9   -14.23701
      23.92   -18.69657
      23.94   -18.55745
      23.96   -14.32492
      23.98    -7.23634
        24.     1.27816
      24.02     9.88453
      24.04     17.3504
      24.06    22.73233
      24.08    25.52513
       24.1    25.69259
      24.12     23.4765
      24.14    19.03528
      24.16    12.53011
      24.18     4.38488
       24.2    -4.73102
      24.22   -13.94682
      24.24   -22.07187
      24.26   -27.43259
      24.28   -28.31586
       24.3   -23.67644
      24.32   -13.38442
      24.34     1.66547
      24.36    19.22436
      24.38    35.82934
       24.4    47.86402
      24.42     52.4731
      24.44    48.10799
      24.46    35.14927
      24.48     16.0072
       24.5    -5.61452
      24.52   -25.71958
      24.54   -40.87523
      24.56   -48.72318
      24.58   -48.23155
       24.6   -39.71414
      24.62    -24.7435
      24.64    -6.05632
      24.66    12.91874
      24.68    28.77752
       24.7    38.81988
      24.72    41.63977
      24.74    37.33917
      24.76    27.25616
      24.78    13.56903
       24.8    -1.08236
      24.82   -14.00163
      24.84   -22.79146
      24.86   -25.68195
      24.88   -21.92773
       24.9   -12.06355
      24.92     2.23658
      24.94    18.34076
      24.96     32.9077
      24.98    42.64192
        25.    45.16293
      25.02    39.57433
      25.04    26.75774
      25.06     9.19463
      25.08    -9.71235
       25.1   -26.55265
      25.12   -38.66427
      25.14   -44.31866
      25.16   -42.58971
      25.18     -33.507
       25.2   -18.34704
      25.22     0.42771
      25.24    19.61233
      25.26     36.0228
      25.28    47.11627
       25.3    51.24257
      25.32    47.89776
      25.34    37.98869
      25.36    23.57672
      25.38     7.00783
       25.4    -9.52365
      25.42   -23.91069
      25.44   -34.30389
      25.46   -39.33045
      25.48    -38.1811
       25.5   -30.85894
      25.52   -18.54148
      25.54    -3.54018
      25.56    11.24681
      25.58    22.96766
       25.6    29.34762
      25.62     29.1315
      25.64    22.35168
      25.66    10.35975
      25.68    -4.21688
       25.7   -17.80289
      25.72   -26.75973
      25.74   -28.32006
      25.76   -21.71391
      25.78    -8.70301
       25.8     7.34124
      25.82    22.45088
      25.84    32.97023
      25.86    36.69333
      25.88    33.33005
       25.9    24.13802
      25.92    11.48375
      25.94    -1.80006
      25.96   -13.36331
      25.98   -21.65409
        26.   -25.87584
      26.02   -26.12864
      26.04   -23.12642
      26.06   -17.75091
      26.08   -10.93057
       26.1    -3.62539
      26.12     3.20956
      26.14      8.7091
      26.16    12.29144
      26.18    13.94519
       26.2    14.20631
      26.22    13.91325
      26.24    13.98499
      26.26    14.93109
      26.28    16.61844
       26.3    18.55295
      26.32    20.02688
      26.34    20.29062
      26.36    18.91024
      26.38    15.91939
       26.4    11.67806
      26.42     6.71779
      26.44     1.71884
      26.46    -2.55578
      26.48     -5.4466
       26.5    -6.56728
      26.52    -5.87052
      26.54    -3.57686
      26.56    -0.05779
      26.58      4.1624
       26.6     8.38332
      26.62    11.83255
      26.64    13.81929
      26.66     13.8261
      26.68    11.61479
       26.7     7.32828
      26.72     1.47684
      26.74    -5.08389
      26.76   -11.18249
      26.78   -15.53667
       26.8   -17.05273
      26.82    -15.1281
      26.84    -9.89489
      26.86    -2.20143
      26.88      6.6362
       26.9    15.14799
      26.92    21.94625
      26.94    25.76537
      26.96    25.65737
      26.98    21.38429
        27.    13.55286
      27.02     3.50227
      27.04    -6.91458
      27.06   -15.63033
      27.08   -20.82323
       27.1   -21.36146
      27.12   -17.04705
      27.14    -8.70491
      27.16     2.03771
      27.18    13.20037
       27.2     22.8573
      27.22    29.39844
      27.24    31.77109
      27.26     29.6606
      27.28    23.47087
       27.3     14.2411
      27.32     3.58208
      27.34    -6.51894
      27.36   -14.12264
      27.38    -17.7894
       27.4   -16.79579
      27.42   -11.23977
      27.44    -2.16488
      27.46     8.60112
      27.48    18.86886
       27.5    26.54428
      27.52    30.11864
      27.54    29.02479
      27.56     23.6184
      27.58    14.98078
       27.6     4.74707
      27.62    -5.16283
      27.64   -12.85877
      27.66   -16.80953
      27.68   -16.17674
       27.7    -11.0563
      27.72    -2.47158
      27.74     7.88628
      27.76    17.99007
      27.78    25.82317
       27.8    29.70892
      27.82    28.65097
      27.84    22.60589
      27.86    12.54286
      27.88     0.29787
       27.9   -11.74695
      27.92   -21.14685
      27.94   -25.96433
      27.96   -25.15573
      27.98   -18.75225
        28.    -7.95166
      28.02     5.13475
      28.04    17.99665
      28.06    28.18774
      28.08    33.73851
       28.1    33.50413
      28.12    27.38599
      28.14    16.42157
      28.16      2.6887
      28.18   -11.09278
       28.2   -22.13647
      28.22   -28.13764
      28.24   -27.85784
      28.26   -21.48175
      28.28   -10.43614
       28.3     2.99894
      28.32    16.11447
      28.34    26.38297
      28.36    32.04924
      28.38    32.31728
       28.4    27.32888
      28.42    18.14103
      28.44     6.51026
      28.46    -5.43674
      28.48   -15.54915
       28.5   -22.00732
      28.52    -23.6127
      28.54     -20.036
      28.56   -11.97215
      28.58    -1.01868
       28.6    10.74188
      28.62    21.26522
      28.64    28.88857
      28.66    32.52225
      28.68    31.75926
       28.7    26.78605
      28.72    18.34815
      28.74     7.73659
      28.76    -3.44734
      28.78    -13.5589
       28.8   -21.11719
      28.82   -24.99288
      28.84   -24.58559
      28.86   -19.96197
      28.88   -11.83047
       28.9    -1.44599
      28.92     9.50017
      28.94    19.19072
      28.96    26.06231
      28.98    29.06839
        29.    27.81557
      29.02    22.59116
      29.04    14.33733
      29.06     4.51616
      29.08    -5.11049
       29.1   -12.74894
      29.12    -16.9268
      29.14   -16.78666
      29.16   -12.26632
      29.18    -4.18943
       29.2     5.87593
      29.22    15.88093
      29.24    23.70137
      29.26    27.69198
      29.28    26.99484
       29.3    21.69477
      29.32    12.83025
      29.34     2.11034
      29.36     -8.4929
      29.38   -17.14646
       29.4   -22.42981
      29.42   -23.45324
      29.44    -19.9426
      29.46    -12.3491
      29.48    -1.86331
       29.5     9.68755
      29.52    20.16026
      29.54    27.57669
      29.56    30.53906
      29.58    28.55504
       29.6    22.10814
      29.62    12.49292
      29.64     1.55666
      29.66     -8.6701
      29.68   -16.34715
       29.7   -20.11564
      29.72    -19.3031
      29.74   -14.03131
      29.76    -5.27603
      29.78     5.23789
       29.8    15.43823
      29.82    23.35562
      29.84    27.45234
      29.86     26.9208
      29.88    21.87808
       29.9    13.30901
      29.92     2.83063
      29.94    -7.63881
      29.96   -16.25685
      29.98   -21.54016
        30.    -22.5687
