 
 SAP2000 v18.2.0 File: FRAME  N, mm, C Units  PAGE 1
 m/d/yy h:mm:ss
 
 T I M E   H I S T O R Y   D A T A 
 
 CASE  NLDHIST_3g
 FUNCTION  Joint2-1:  Joint 2  Displacement  UX    
 
       TIME    FUNCTION
               Joint2-1
         0.     0.09708
       0.02     0.18574
       0.04     0.51915
       0.06     1.10646
       0.08     1.82691
        0.1     2.58155
       0.12     3.31019
       0.14     3.93777
       0.16     4.34181
       0.18       4.396
        0.2     4.03879
       0.22     3.35021
       0.24      2.5596
       0.26     1.92496
       0.28        1.59
        0.3     1.55479
       0.32     1.73702
       0.34     2.00936
       0.36     2.22089
       0.38     2.26989
        0.4     2.20969
       0.42     2.22608
       0.44     2.47081
       0.46     2.85288
       0.48     3.02059
        0.5     2.59273
       0.52     1.54041
       0.54     0.32897
       0.56     -0.5411
       0.58    -0.78957
        0.6    -0.22428
       0.62     1.24922
       0.64     3.51696
       0.66     6.10897
       0.68     8.37882
        0.7     9.85745
       0.72    10.27324
       0.74     9.46137
       0.76     7.33329
       0.78     3.91949
        0.8    -0.55532
       0.82    -5.59875
       0.84   -10.53784
       0.86    -14.8125
       0.88   -18.02357
        0.9    -19.7421
       0.92   -19.55242
       0.94   -17.27251
       0.96   -13.07502
       0.98    -7.62537
         1.    -2.03699
       1.02     2.46301
       1.04     4.79777
       1.06     4.24913
       1.08     0.75773
        1.1    -4.97387
       1.12   -11.66182
       1.14   -17.82191
       1.16   -22.00081
       1.18   -22.49813
        1.2   -17.81657
       1.22    -8.00739
       1.24     5.08439
       1.26    18.72594
       1.28    30.01884
        1.3    36.45452
       1.32    36.39791
       1.34    29.31722
       1.36     15.8171
       1.38    -2.55014
        1.4   -23.52925
       1.42   -44.48426
       1.44   -62.57809
       1.46   -75.01827
       1.48    -79.7535
        1.5   -75.99015
       1.52   -64.42318
       1.54    -46.9815
       1.56   -26.49527
       1.58    -6.53646
        1.6     9.23681
       1.62    18.57784
       1.64    22.70496
       1.66    25.17579
       1.68     27.9999
        1.7    31.06355
       1.72    33.71793
       1.74    35.13754
       1.76    34.76161
       1.78    32.66868
        1.8    29.28342
       1.82    25.09676
       1.84    20.35972
       1.86    15.02893
       1.88     9.06644
        1.9     2.48537
       1.92    -4.80284
       1.94   -12.87065
       1.96   -21.66166
       1.98   -31.05048
         2.   -40.80895
       2.02   -50.62394
       2.04    -60.2103
       2.06   -69.28171
       2.08    -77.4735
        2.1   -84.52092
       2.12   -90.49752
       2.14   -95.15002
       2.16   -97.13118
       2.18   -92.25258
        2.2   -74.30459
       2.22    -42.1668
       2.24    -1.32798
       2.26    40.51269
       2.28    76.18486
        2.3   101.51286
       2.32   114.73165
       2.34   114.58125
       2.36   100.51615
       2.38    73.82139
        2.4    37.76435
       2.42    -1.81667
       2.44   -34.43332
       2.46   -50.38101
       2.48   -47.40817
        2.5   -27.79443
       2.52     3.72366
       2.54    39.89524
       2.56    73.73348
       2.58   101.75156
        2.6    123.2779
       2.62   137.73687
       2.64   144.57169
       2.66   143.34113
       2.68   133.81563
        2.7   116.83152
       2.72    94.51074
       2.74    69.79325
       2.76    45.98266
       2.78    26.27198
        2.8     13.5319
       2.82    10.34692
       2.84    18.30491
       2.86    37.00034
       2.88    63.56212
        2.9    93.15683
       2.92   120.23667
       2.94   139.63808
       2.96   147.53329
       2.98   142.07478
         3.   123.57538
       3.02    95.23966
       3.04    63.09932
       3.06    33.32539
       3.08    10.46585
        3.1    -2.48692
       3.12    -4.45515
       3.14     3.84948
       3.16    20.20917
       3.18    41.09262
        3.2    63.43325
       3.22    85.16069
       3.24   103.19586
       3.26   113.91164
       3.28   114.67839
        3.3   104.38028
       3.32    83.73542
       3.34    57.48297
       3.36    34.63331
       3.38    21.52894
        3.4    19.38278
       3.42    27.20779
       3.44     42.0181
       3.46    61.19009
       3.48    84.24095
        3.5   109.11701
       3.52   131.38657
       3.54   146.93304
       3.56   152.76095
       3.58   147.42349
        3.6   131.28503
       3.62   107.10272
       3.64    79.48372
       3.66    52.93448
       3.68    31.35971
        3.7    17.82473
       3.72     13.8841
       3.74    19.35768
       3.76    32.62509
       3.78     51.3923
        3.8    73.22891
       3.82    95.41711
       3.84   114.58166
       3.86   127.10605
       3.88   130.22154
        3.9   122.59317
       3.92   104.53925
       3.94    78.08994
       3.96    46.71663
       3.98    16.07385
         4.    -6.85293
       4.02   -17.94273
       4.04   -16.75237
       4.06    -3.96329
       4.08    18.84465
        4.1    48.03085
       4.12    78.23532
       4.14    103.8715
       4.16   120.11594
       4.18   123.61902
        4.2   113.15144
       4.22    89.78577
       4.24    56.66341
       4.26    18.53089
       4.28   -18.91537
        4.3   -51.19606
       4.32   -76.78045
       4.34   -95.06758
       4.36   -102.9865
       4.38   -96.68429
        4.4    -76.6936
       4.42   -47.24583
       4.44   -12.81103
       4.46    22.55443
       4.48    55.37578
        4.5    83.29622
       4.52   104.88563
       4.54   118.98042
       4.56   124.34861
       4.58   119.60236
        4.6    103.9173
       4.62    78.08521
       4.64    44.58752
       4.66     7.22302
       4.68   -27.55693
        4.7   -52.28171
       4.72   -63.92304
       4.74   -63.29779
       4.76   -52.15263
       4.78   -33.76219
        4.8   -12.75167
       4.82     5.80722
       4.84    18.17477
       4.86     25.6449
       4.88    32.37157
        4.9    39.22719
       4.92    44.75534
       4.94    47.46573
       4.96    46.72053
       4.98     44.2951
         5.    42.25294
       5.02    40.89511
       5.04    39.83188
       5.06    38.50513
       5.08    36.22971
        5.1    32.45096
       5.12    27.12904
       5.14    21.54128
       5.16    17.71796
       5.18    16.79095
        5.2    18.80262
       5.22    22.97178
       5.24    27.74094
       5.26    31.18404
       5.28    32.30934
        5.3    32.56303
       5.32    33.34882
       5.34    34.02085
       5.36    33.54194
       5.38    30.95147
        5.4    25.43977
       5.42    16.70979
       5.44     5.12142
       5.46    -7.69726
       5.48   -18.91089
        5.5   -25.71691
       5.52   -26.69799
       5.54   -22.20712
       5.56    -13.8323
       5.58    -3.88061
        5.6       5.042
       5.62    10.53138
       5.64    10.82479
       5.66     5.77157
       5.68    -2.47734
        5.7   -10.64101
       5.72   -16.21826
       5.74   -18.18374
       5.76   -16.53204
       5.78   -11.60564
        5.8    -3.66124
       5.82     6.76855
       5.84    18.29056
       5.86    29.06258
       5.88    37.47324
        5.9    42.20503
       5.92    42.30307
       5.94    37.39875
       5.96    27.73025
       5.98    14.21661
         6.    -1.12478
       6.02   -15.13104
       6.04    -24.4288
       6.06   -26.88672
       6.08   -22.51591
        6.1   -12.82884
       6.12      0.4104
       6.14    15.39295
       6.16    29.68423
       6.18    40.54347
        6.2    45.74729
       6.22    43.99592
       6.24    35.57947
       6.26    22.57708
       6.28     7.84518
        6.3    -5.97511
       6.32   -16.79125
       6.34   -23.01997
       6.36   -23.55785
       6.38    -18.1698
        6.4    -7.80722
       6.42      5.6449
       6.44    19.79005
       6.46    32.27795
       6.48    41.45574
        6.5     46.4557
       6.52    46.74054
       6.54    42.10516
       6.56    33.15391
       6.58    21.26321
        6.6       8.207
       6.62    -4.24838
       6.64   -14.24752
       6.66   -19.84463
       6.68   -19.97388
        6.7   -14.71241
       6.72    -4.90437
       6.74     7.84433
       6.76    21.30353
       6.78    33.01067
        6.8    40.71125
       6.82    42.74353
       6.84    38.20647
       6.86    27.17642
       6.88    11.61523
        6.9    -4.58046
       6.92   -17.61862
       6.94   -25.30086
       6.96   -26.81984
       6.98   -22.28703
         7.   -12.27115
       7.02     2.25437
       7.04    19.44056
       7.06    36.38654
       7.08    49.77107
        7.1    56.79147
       7.12     55.7407
       7.14    46.35521
       7.16    30.21032
       7.18    10.67275
        7.2     -8.2527
       7.22   -23.23754
       7.24   -31.90242
       7.26    -32.8258
       7.28   -26.00477
        7.3   -12.91825
       7.32     3.90118
       7.34    21.30811
       7.36    36.16392
       7.38    46.10973
        7.4    49.89763
       7.42     47.0559
       7.44     37.6521
       7.46    22.69704
       7.48     4.67382
        7.5    -12.8811
       7.52   -26.56599
       7.54   -33.88585
       7.56   -33.65672
       7.58   -26.14008
        7.6   -12.90595
       7.62     3.41252
       7.64    19.64138
       7.66    32.73482
       7.68    40.49778
        7.7    41.89591
       7.72    36.76397
       7.74    25.60607
       7.76    10.18679
       7.78    -6.46357
        7.8   -21.07838
       7.82   -30.53564
       7.84   -32.52919
       7.86   -26.34802
       7.88   -12.78961
        7.9     6.02506
       7.92    27.00688
       7.94     46.6721
       7.96     61.4629
       7.98    68.14991
         8.    65.30533
       8.02    54.16007
       8.04    37.44519
       8.06    18.13195
       8.08    -0.77185
        8.1   -16.29102
       8.12   -26.00758
       8.14   -28.47629
       8.16   -23.43275
       8.18    -11.8184
        8.2      4.4549
       8.22    22.75176
       8.24    39.95602
       8.26     52.9391
       8.28     59.1554
        8.3     57.0962
       8.32    46.69998
       8.34    29.51443
       8.36     8.35313
       8.38   -13.27451
        8.4   -31.74351
       8.42    -43.9409
       8.44   -47.72032
       8.46    -42.3158
       8.48   -28.65013
        8.5    -9.21804
       8.52    13.39297
       8.54    37.65528
       8.56    61.35814
       8.58    80.98642
        8.6    93.46845
       8.62    97.02543
       8.64    90.99375
       8.66    75.78693
       8.68    53.22972
        8.7    26.50599
       8.72    -0.54426
       8.74   -23.94645
       8.76   -39.86731
       8.78   -45.58896
        8.8   -40.47201
       8.82    -25.8996
       8.84    -4.59641
       8.86    19.76951
       8.88    42.65661
        8.9    59.35342
       8.92    66.13753
       8.94    60.82513
       8.96    43.78145
       8.98    20.28446
         9.    -2.19063
       9.02   -19.28115
       9.04   -28.85807
       9.06   -29.06955
       9.08   -19.21912
        9.1    -0.97877
       9.12    22.28754
       9.14     46.6416
       9.16    67.48878
       9.18    80.13696
        9.2    80.89196
       9.22    67.78666
       9.24    42.15999
       9.26     9.48167
       9.28   -23.50719
        9.3   -50.90246
       9.32   -67.87772
       9.34   -71.58188
       9.36    -60.6914
       9.38   -35.44385
        9.4     1.06315
       9.42    42.72681
       9.44     81.6035
       9.46   110.86471
       9.48   126.77052
        9.5   127.24791
       9.52   110.87184
       9.54    79.98794
       9.56    41.76552
       9.58      3.8157
        9.6   -27.83515
       9.62   -48.99367
       9.64   -58.19943
       9.66   -56.20065
       9.68    -43.7426
        9.7    -21.0077
       9.72     9.23421
       9.74    41.42115
       9.76    69.91007
       9.78    89.64878
        9.8      96.982
       9.82    90.37389
       9.84    70.13415
       9.86    39.08255
       9.88     2.55291
        9.9   -32.94609
       9.92   -60.91489
       9.94   -77.01946
       9.96   -79.88139
       9.98    -68.8924
        10.    -44.9297
      10.02   -12.44827
      10.04    22.02277
      10.06    52.38863
      10.08    74.17535
       10.1    84.54772
      10.12    82.28645
      10.14    68.19046
      10.16     45.2373
      10.18    17.64346
       10.2   -10.16249
      10.22   -33.85993
      10.24   -50.13906
      10.26   -57.33716
      10.28   -55.32873
       10.3   -45.59002
      10.32   -30.26377
      10.34   -11.02641
      10.36    10.52666
      10.38    32.10032
       10.4    50.47816
      10.42    62.98785
      10.44    68.71581
      10.46    67.21261
      10.48    57.99976
       10.5    41.59847
      10.52    19.78633
      10.54    -4.66123
      10.56   -28.10783
      10.58   -46.39252
       10.6   -55.88154
      10.62   -54.49209
      10.64   -42.08536
      10.66   -20.60611
      10.68     6.40143
       10.7    34.73159
      10.72    60.20251
      10.74     79.1426
      10.76    88.69929
      10.78    87.12179
       10.8    74.09403
      10.82    51.10133
      10.84    21.71788
      10.86    -9.05851
      10.88   -35.96054
       10.9   -54.13776
      10.92   -60.43544
      10.94   -54.33284
      10.96   -37.57134
      10.98   -13.77637
        11.    12.42594
      11.02    36.73832
      11.04    56.00196
      11.06    68.32136
      11.08    72.55494
       11.1    68.10171
      11.12    55.38166
      11.14    35.99373
      11.16     12.5304
      11.18   -11.49636
       11.2   -31.73323
      11.22   -43.82985
      11.24   -44.90743
      11.26   -34.35612
      11.28   -13.90726
       11.3    12.79767
      11.32    40.98525
      11.34    65.67298
      11.36    82.54696
      11.38    88.96242
       11.4    84.45803
      11.42    70.36518
      11.44    49.66382
      11.46    26.26123
      11.48     3.75844
       11.5   -14.71095
      11.52   -26.56256
      11.54   -30.35546
      11.56   -26.00725
      11.58   -14.77242
       11.6     0.78131
      11.62    17.34175
      11.64    31.54178
      11.66    40.42383
      11.68    42.01872
       11.7    35.66162
      11.72    22.03717
      11.74      3.1997
      11.76    -17.8542
      11.78   -37.87208
       11.8   -53.95308
      11.82   -64.30481
      11.84   -68.42961
      11.86   -65.83191
      11.88   -55.30491
       11.9   -36.22556
      11.92    -9.68836
      11.94    21.04007
      11.96     51.1756
      11.98    76.19777
        12.    93.12723
      12.02   100.90207
      12.04     99.3609
      12.06    88.66721
      12.08    70.18828
       12.1    46.75997
      12.12    22.23437
      12.14     0.82541
      12.16    -13.8644
      12.18   -19.50366
       12.2   -15.19936
      12.22    -1.71892
      12.24    18.31241
      12.26    40.51511
      12.28    59.82009
       12.3    72.24874
      12.32     75.3897
      12.34    68.45063
      12.36    52.86627
      12.38    31.46621
       12.4     7.39935
      12.42   -15.67251
      12.44   -33.75307
      12.46    -43.4534
      12.48   -42.85964
       12.5   -32.25217
      12.52   -13.85636
      12.54     9.26056
      12.56     33.3479
      12.58    54.36143
       12.6    69.18202
      12.62    75.84917
      12.64    73.64403
      12.66    63.33902
      12.68    46.74116
       12.7    26.40259
      12.72     5.55284
      12.74   -12.22157
      12.76   -23.54825
      12.78   -26.22795
       12.8   -20.05302
      12.82    -6.72117
      12.84    10.78881
      12.86    28.95799
      12.88     44.4867
       12.9    54.75092
      12.92    58.10426
      12.94    54.30204
      12.96     44.4824
      12.98     30.4618
        13.    14.38653
      13.02    -1.38835
      13.04   -14.60356
      13.06   -23.31791
      13.08   -26.39572
       13.1   -23.75893
      13.12    -16.1705
      13.14    -4.65928
      13.16     9.94259
      13.18     26.3211
       13.2    42.46062
      13.22    56.26049
      13.24    65.76995
      13.26    69.39129
      13.28    66.33242
       13.3    56.75722
      13.32    41.44827
      13.34     22.6621
      13.36     4.45871
      13.38    -9.61057
       13.4   -17.81257
      13.42   -19.70692
      13.44   -15.38126
      13.46    -4.57985
      13.48    12.46765
       13.5    33.19226
      13.52    53.22389
      13.54    68.44697
      13.56    76.10172
      13.58     75.2478
       13.6    66.55569
      13.62    51.72461
      13.64    33.25043
      13.66    14.13862
      13.68    -2.69543
       13.7   -14.81309
      13.72   -20.52734
      13.74   -19.36901
      13.76   -12.06205
      13.78    -0.60963
       13.8    12.05805
      13.82    24.02069
      13.84    34.98002
      13.86    45.12952
      13.88    54.12781
       13.9    60.65779
      13.92    63.23726
      13.94    60.91773
      13.96     53.4499
      13.98    41.48107
        14.    26.50852
      14.02    10.41597
      14.04    -4.37792
      14.06   -14.48025
      14.08   -17.16996
       14.1   -11.62853
      14.12     1.44818
      14.14    19.69485
      14.16    39.28832
      14.18    55.65842
       14.2    64.68847
      14.22    63.80868
      14.24    52.27813
      14.26    31.71735
      14.28     6.19713
       14.3   -18.70102
      14.32   -37.38237
      14.34    -45.7546
      14.36    -42.2902
      14.38   -28.13867
       14.4    -6.45834
      14.42    18.53148
      14.44    42.89859
      14.46    63.42515
      14.48    77.33776
       14.5    82.53717
      14.52    78.03782
      14.54    64.59418
      14.56    44.76532
      14.58     22.2165
       14.6     1.10101
      14.62   -14.50631
      14.64   -21.67166
      14.66   -19.61118
      14.68    -9.45781
       14.7     6.45486
      14.72    24.96475
      14.74     42.6815
      14.76    56.50342
      14.78    63.83531
       14.8    63.38641
      14.82    56.21726
      14.84    44.91193
      14.86    31.65664
      14.88    18.02133
       14.9     5.46988
      14.92    -4.74009
      14.94   -11.28908
      14.96   -12.71343
      14.98    -8.11695
        15.     2.02415
      15.02    15.56992
      15.04    29.43933
      15.06    40.48887
      15.08    46.36364
       15.1    46.39674
      15.12    41.52911
      15.14    33.56364
      15.16    24.46834
      15.18    15.96224
       15.2     9.34774
      15.22     5.37368
      15.24     4.16964
      15.26     5.69006
      15.28    10.10273
       15.3    17.38534
      15.32    26.78676
      15.34    36.62732
      15.36    44.76653
      15.38    49.29214
       15.4    49.24092
      15.42    44.84958
      15.44    36.76452
      15.46    25.79857
      15.48    13.18325
       15.5     0.59794
      15.52    -9.85473
      15.54   -16.18618
      15.56   -17.30611
      15.58   -13.39074
       15.6    -5.53346
      15.62      5.1792
      15.64    18.04491
      15.66    32.19062
      15.68    46.24503
       15.7    58.17612
      15.72    65.55399
      15.74    66.54855
      15.76    60.48383
      15.78     48.2245
       15.8    32.31669
      15.82    16.12566
      15.84      2.6348
      15.86    -6.20574
      15.88      -9.485
       15.9    -7.27247
      15.92    -0.34717
      15.94     10.2035
      15.96      22.926
      15.98    36.06549
        16.    47.84402
      16.02    56.32318
      16.04    59.59878
      16.06    56.50549
      16.08    46.95705
       16.1     32.0214
      16.12    13.88945
      16.14    -4.27349
      16.16   -18.70722
      16.18   -25.61775
       16.2   -22.58338
      16.22   -10.03622
      16.24     9.25555
      16.26    31.32724
      16.28    51.66008
       16.3    66.23572
      16.32    72.67258
      16.34    70.13329
      16.36    58.92168
      16.38    40.87738
       16.4    19.20431
      16.42    -2.34457
      16.44   -20.13464
      16.46    -31.0871
      16.48   -33.04745
       16.5   -25.21402
      16.52    -8.51313
      16.54    14.20946
      16.56    38.72284
      16.58    60.44377
       16.6    75.60572
      16.62    82.16922
      16.64    79.62825
      16.66    68.74517
      16.68    51.47272
       16.7    30.55103
      16.72     9.28093
      16.74    -8.90015
      16.76    -21.1659
      16.78   -25.78107
       16.8   -22.05277
      16.82   -10.47464
      16.84     6.82235
      16.86    26.31957
      16.88    43.89172
       16.9    55.68817
      16.92    59.21842
      16.94    53.96881
      16.96    41.28899
      16.98    24.09194
        17.     6.14126
      17.02    -8.87075
      17.04   -18.04377
      17.06   -19.87426
      17.08   -14.36418
       17.1    -2.79907
      17.12    12.52813
      17.14    28.97558
      17.16    44.17819
      17.18    56.20244
       17.2    63.70433
      17.22    66.12098
      17.24    63.45992
      17.26    56.05487
      17.28    44.74791
       17.3    30.96008
      17.32    16.48856
      17.34     3.51631
      17.36    -5.54316
      17.38    -8.74004
       17.4     -5.3056
      17.42     4.09278
      17.44    17.68616
      17.46    33.20059
      17.48    48.27077
       17.5     60.5861
      17.52    68.11123
      17.54    69.49517
      17.56    64.35485
      17.58    53.39741
       17.6    38.28886
      17.62    21.29517
      17.64     4.55676
      17.66   -10.33989
      17.68   -21.90165
       17.7   -28.60133
      17.72   -29.33231
      17.74   -23.65416
      17.76   -11.72062
      17.78     5.34972
       17.8     25.2057
      17.82    44.73063
      17.84      60.595
      17.86    69.98545
      17.88    71.25216
       17.9    64.12683
      17.92    49.70722
      17.94    30.45723
      17.96      9.9146
      17.98    -8.17828
        18.   -20.83546
      18.02   -26.26337
      18.04   -23.84025
      18.06   -14.00757
      18.08     1.88642
       18.1    21.55507
      18.12    41.73268
      18.14    58.67347
      18.16    69.23536
      18.18    71.86211
       18.2    66.74818
      18.22    55.30229
      18.24    39.46288
      18.26    21.51221
      18.28     4.14994
       18.3    -9.90377
      18.32   -18.45717
      18.34   -20.21452
      18.36   -15.01656
      18.38    -3.88842
       18.4    11.14654
      18.42    27.43189
      18.44    42.12589
      18.46    52.67664
      18.48    57.24031
       18.5    54.97935
      18.52    46.15582
      18.54    32.17691
      18.56    15.58788
      18.58    -0.42319
       18.6   -12.72578
      18.62   -18.86319
      18.64   -17.79016
      18.66     -9.9834
      18.68     3.33002
       18.7    20.63435
      18.72    39.83013
      18.74    58.05837
      18.76    72.15741
      18.78    79.22869
       18.8    77.17799
      18.82    65.58278
      18.84    46.40267
      18.86    23.39287
      18.88     0.74201
       18.9   -17.60223
      18.92   -28.26246
      18.94   -29.05051
      18.96   -19.84126
      18.98    -2.85929
        19.    18.31807
      19.02    39.81399
      19.04    57.90687
      19.06    69.46919
      19.08    72.43316
       19.1    66.15036
      19.12    51.76032
      19.14    32.27741
      19.16    11.80046
      19.18    -5.74861
       19.2   -17.39675
      19.22   -21.29093
      19.24   -16.80497
      19.26    -4.76322
      19.28    12.50924
       19.3    31.58868
      19.32    48.62945
      19.34     60.2356
      19.36    64.42015
      19.38    60.86948
       19.4    50.67655
      19.42    36.07386
      19.44    19.97314
      19.46     5.38805
      19.48    -5.29575
       19.5   -10.83014
      19.52   -11.05005
      19.54    -6.72955
      19.56      0.9065
      19.58    10.84751
       19.6    22.13812
      19.62    33.48119
      19.64    43.44515
      19.66    50.78078
      19.68    54.54024
       19.7    54.25169
      19.72    50.08209
      19.74    42.86843
      19.76    33.97043
      19.78    24.87119
       19.8    16.94958
      19.82    11.39956
      19.84     8.89131
      19.86     9.38965
      19.88    12.35368
       19.9    17.04993
      19.92    22.75008
      19.94    28.72088
      19.96    34.13126
      19.98     37.8852
        20.    38.74713
      20.02    35.77964
      20.04    28.78105
      20.06     18.5624
      20.08     6.73465
       20.1    -4.64114
      20.12   -13.36904
      20.14   -17.52213
      20.16   -15.72344
      20.18     -7.4384
       20.2     6.63575
      20.22      24.565
      20.24    43.55269
      20.26    60.42363
      20.28    72.22193
       20.3    76.62183
      20.32    72.24522
      20.34    59.08231
      20.36    38.69422
      20.38    14.19338
       20.4   -10.09089
      20.42   -29.61456
      20.44   -40.64765
      20.46   -40.83717
      20.48    -29.6192
       20.5    -8.73246
      20.52    17.84994
      20.54    44.97936
      20.56    67.41967
      20.58    80.79514
       20.6    82.60377
      20.62    72.78053
      20.64    53.54394
      20.66    28.83966
      20.68     3.57926
       20.7   -17.25885
      20.72   -29.53983
      20.74   -30.65291
      20.76   -20.06348
      20.78     0.25343
       20.8    26.20465
      20.82    52.45735
      20.84    73.51755
      20.86    84.98026
      20.88    84.37965
       20.9    71.84282
      20.92    49.93164
      20.94    22.62784
      20.96    -5.35871
      20.98   -29.06774
        21.   -44.01337
      21.02   -47.31409
      21.04   -38.39639
      21.06    -18.9607
      21.08     7.31498
       21.1    35.59738
      21.12    60.70315
      21.14    78.12549
      21.16    85.23429
      21.18    81.43108
       21.2    67.98176
      21.22    47.82851
      21.24    24.82443
      21.26     3.13329
      21.28   -13.32247
       21.3   -21.63408
      21.32   -20.34717
      21.34     -9.8187
      21.36     7.80254
      21.38    29.23986
       21.4    50.70367
      21.42    68.48342
      21.44    79.60659
      21.46    82.17798
      21.48    75.62951
       21.5    60.95514
      21.52    40.59212
      21.54     18.0881
      21.56    -2.50416
      21.58   -17.47313
       21.6    -24.0963
      21.62   -21.16565
      21.64     -9.3249
      21.66      9.2757
      21.68    31.60853
       21.7    54.16685
      21.72    73.46733
      21.74    86.62758
      21.76    91.64125
      21.78    87.58114
       21.8    74.60613
      21.82    53.90513
      21.84    28.05032
      21.86     0.70999
      21.88   -24.05392
       21.9   -42.23717
      21.92   -50.85865
      21.94   -48.61227
      21.96   -35.91933
      21.98   -14.95161
        22.    11.08576
      22.02    38.63848
      22.04    63.95651
      22.06    83.48666
      22.08    94.04506
       22.1     93.3915
      22.12    81.13778
      22.14    58.74362
      22.16    29.33968
      22.18    -2.39363
       22.2   -31.03472
      22.22   -51.59587
      22.24   -60.71698
      22.26   -57.23241
      22.28   -41.90143
       22.3   -17.32848
      22.32    12.23279
      22.34     41.6759
      22.36    66.08336
      22.38    81.54439
       22.4    85.68377
      22.42    78.07596
      22.44    60.20207
      22.46    35.10214
      22.48     6.97819
       22.5    -19.3959
      22.52   -39.41149
      22.54   -49.39333
      22.56   -47.31788
      22.58    -33.1635
       22.6    -9.29178
      22.62    19.54659
      22.64    47.65761
      22.66    69.76112
      22.68    81.62223
       22.7    80.91381
      22.72    67.82925
      22.74    44.86511
      22.76    16.08825
      22.78   -13.59349
       22.8   -39.19243
      22.82   -56.37597
      22.84   -62.17803
      22.86   -55.24178
      22.88   -35.96399
       22.9    -7.13079
      22.92    26.45359
      22.94    59.12809
      22.96    85.38037
      22.98   101.22056
        23.    104.9815
      23.02    96.78154
      23.04    78.08626
      23.06    51.90082
      23.08    22.49041
       23.1     -5.6526
      23.12   -28.52438
      23.14   -42.78254
      23.16   -46.29961
      23.18   -38.51746
       23.2   -20.56447
      23.22     4.57605
      23.24    32.77112
      23.26    59.40877
      23.28    80.08009
       23.3    91.72835
      23.32    92.93314
      23.34    83.98082
      23.36    66.91157
      23.38    44.65781
       23.4    20.57573
      23.42    -1.67344
      23.44   -18.88948
      23.46   -28.72834
      23.48   -29.78844
       23.5   -22.05013
      23.52    -6.84489
      23.54    13.54524
      23.56    36.09589
      23.58    57.43403
       23.6    74.00628
      23.62    82.44882
      23.64    80.86648
      23.66    69.61925
      23.68    51.01585
       23.7    28.71743
      23.72     6.74921
      23.74   -11.47655
      23.76   -23.38717
      23.78   -27.49977
       23.8   -23.70794
      23.82   -13.05693
      23.84      2.7685
      23.86    21.76246
      23.88    41.66259
       23.9    59.94703
      23.92    73.78131
      23.94    80.53319
      23.96    78.48921
      23.98    67.38331
        24.    48.93271
      24.02    26.52912
      24.04     4.35006
      24.06   -13.36616
      24.08   -23.09569
       24.1   -22.65083
      24.12   -11.81474
      24.14     7.12604
      24.16    29.99131
      24.18    51.84537
       24.2    67.88385
      24.22    74.37838
      24.24    69.68058
      24.26     55.0225
      24.28    34.10704
       24.3    11.85161
      24.32     -6.5472
      24.34   -16.59243
      24.36   -15.99526
      24.38     -5.4449
       24.4    12.20652
      24.42    32.82325
      24.44    51.75738
      24.46    65.18149
      24.48    70.97273
       24.5    68.61661
      24.52    58.78688
      24.54    42.99014
      24.56    23.46159
      24.58     3.02931
       24.6   -15.14592
      24.62   -28.05726
      24.64   -33.64268
      24.66   -31.16545
      24.68   -21.16016
       24.7    -5.22174
      24.72    14.43785
      24.74    35.33829
      24.76    54.77891
      24.78    70.06114
       24.8    78.96718
      24.82    80.21692
      24.84     73.8539
      24.86    61.37571
      24.88    45.33387
       24.9    28.70327
      24.92    14.44357
      24.94     4.81239
      24.96     0.65657
      24.98      1.5223
        25.     6.16546
      25.02    13.00309
      25.04    20.60575
      25.06    27.91889
      25.08    34.09972
       25.1    38.20259
      25.12    39.10539
      25.14    36.12287
      25.16     29.7607
      25.18    21.62286
       25.2    13.68073
      25.22     7.67623
      25.24     4.82609
      25.26     5.91043
      25.28    11.22903
       25.3    20.26418
      25.32    31.73157
      25.34    44.07854
      25.36    55.61883
      25.38    64.07165
       25.4    66.91606
      25.42    62.49021
      25.44    50.56416
      25.46    32.52379
      25.48    11.35781
       25.5    -9.01541
      25.52   -24.96343
      25.54   -34.00767
      25.56   -35.03272
      25.58   -28.28951
       25.6   -15.30234
      25.62     1.46212
      25.64    19.09395
      25.66    34.80132
      25.68    46.68449
       25.7     54.2659
      25.72    58.19376
      25.74    59.69089
      25.76    59.37944
      25.78    56.55797
       25.8    50.20939
      25.82    39.77177
      25.84    25.52678
      25.86     9.28562
      25.88    -5.78961
       25.9   -16.32326
      25.92   -19.59084
      25.94   -14.28412
      25.96    -1.37871
      25.98    16.19367
        26.    34.51621
      26.02    49.33417
      26.04    57.14675
      26.06    56.24978
      26.08    46.94365
       26.1    31.23935
      26.12    12.31042
      26.14    -6.16857
      26.16   -20.57313
      26.18   -27.64708
       26.2   -25.06731
      26.22   -12.03718
      26.24    10.48984
      26.26    39.49205
      26.28    70.17745
       26.3    97.17799
      26.32   116.02148
      26.34    124.3711
      26.36   121.56967
      26.38   108.00083
       26.4    85.69863
      26.42    58.12053
      26.44    29.48034
      26.46     4.38809
      26.48   -13.15562
       26.5   -20.55744
      26.52   -16.83273
      26.54    -2.81763
      26.56    19.09818
      26.58     45.4411
       26.6    71.88374
      26.62    93.98083
      26.64   108.04376
      26.66   111.53393
      26.68   103.56545
       26.7    85.19582
      26.72    59.11969
      26.74    29.40894
      26.76     1.04619
      26.78   -21.01107
       26.8   -32.88541
      26.82   -32.56691
      26.84   -20.08845
      26.86      2.5522
      26.88    31.64559
       26.9    62.45936
      26.92    90.06963
      26.94   109.84262
      26.96   118.18503
      26.98   113.44251
        27.    96.11433
      27.02    68.95853
      27.04    36.67102
      27.06     4.93534
      27.08   -20.58241
       27.1   -35.44185
      27.12   -37.35858
      27.14   -26.03041
      27.16    -3.10519
      27.18    27.67238
       27.2     61.3192
      27.22    92.35487
      27.24   115.74578
      27.26   128.22218
      27.28    128.4439
       27.3   116.65362
      27.32    94.86998
      27.34    66.87003
      27.36    37.57043
      27.38    12.02997
       27.4    -5.42864
      27.42    -11.7959
      27.44    -6.12147
      27.46    10.23747
      27.48    34.09657
       27.5    61.03422
      27.52    86.28197
      27.54    105.7435
      27.56   116.43753
      27.58   116.78066
       27.6   106.94012
      27.62    88.76365
      27.64    65.51727
      27.66    41.39016
      27.68    20.63258
       27.7     6.72889
      27.72     1.82559
      27.74     6.43765
      27.76    19.45125
      27.78    38.31019
       27.8    59.36512
      27.82    78.59551
      27.84     92.4326
      27.86    98.40287
      27.88    95.61429
       27.9    84.89896
      27.92    68.55385
      27.94    49.77859
      27.96    32.05393
      27.98    18.54218
        28.    11.43274
      28.02    11.61548
      28.04    18.73539
      28.06    31.30668
      28.08      46.919
       28.1    62.64908
      28.12    75.60787
      28.14    83.52249
      28.16    85.25806
      28.18    80.97684
       28.2    71.95066
      28.22    60.26962
      28.24    48.22731
      28.26    37.70168
      28.28    30.06121
       28.3    26.13289
      28.32    26.07396
      28.34    29.55244
      28.36    36.02311
      28.38    44.63355
       28.4    54.14893
      28.42    63.17389
      28.44    70.34823
      28.46    74.56467
      28.48    75.19677
       28.5    72.23415
      28.52    66.33251
      28.54    58.63089
      28.56    50.40023
      28.58    42.82186
       28.6    36.97533
      28.62    33.88539
      28.64    34.32938
      28.66    38.55463
      28.68     46.1269
       28.7    55.77884
      28.72    65.62863
      28.74    73.68609
      28.76    78.18298
      28.78    77.88874
       28.8    72.43957
      28.82    62.50197
      28.84    49.67934
      28.86    36.18734
      28.88    24.49271
       28.9     16.8451
      28.92    14.73269
      28.94    18.65094
      28.96    28.11215
      28.98    41.72021
        29.    57.34199
      29.02    72.41194
      29.04    84.41104
      29.06    91.33822
      29.08    92.10168
       29.1     86.7638
      29.12    76.46641
      29.14    63.17994
      29.16    49.32143
      29.18    37.21779
       29.2    28.70254
      29.22     24.7848
      29.24    25.54393
      29.26    30.39183
      29.28    38.20901
       29.3    47.54965
      29.32    56.93744
      29.34    64.97467
      29.36    70.42377
      29.38     72.3367
       29.4    70.28488
      29.42    64.61963
      29.44     56.5106
      29.46    47.64398
      29.48    39.78695
       29.5    34.32152
      29.52    32.00409
      29.54     32.9926
      29.56      36.926
      29.58    43.11287
       29.6    50.63654
      29.62    58.40427
      29.64    65.29703
      29.66    70.29988
      29.68    72.65191
       29.7    72.01989
      29.72    68.59708
      29.74    63.07421
      29.76    56.38661
      29.78    49.44286
       29.8    43.10789
      29.82    38.17886
      29.84     35.2248
      29.86    34.53971
      29.88    36.18393
       29.9    39.93561
      29.92    45.25037
      29.94    51.29656
      29.96    57.04493
      29.98    61.50536
        30.    63.97369
