 
 SAP2000 v18.2.0 File: FRAME  N, mm, C Units  PAGE 1
 m/d/yy h:mm:ss
 
 T I M E   H I S T O R Y   D A T A 
 
 CASE  NLDHIST_1g
 FUNCTION  Joint2-1:  Joint 2  Displacement  UX    
 
       TIME    FUNCTION
               Joint2-1
         0.     0.09637
       0.02     0.12583
       0.04     0.23622
       0.06      0.4293
       0.08     0.66292
        0.1     0.90234
       0.12     1.12657
       0.14     1.31098
       0.16     1.41667
       0.18      1.4052
        0.2     1.26117
       0.22     1.01712
       0.24     0.75466
       0.26     0.56254
       0.28     0.48752
        0.3     0.52436
       0.32     0.63709
       0.34     0.77335
       0.36     0.87384
       0.38      0.8987
        0.4     0.86416
       0.42     0.83499
       0.44     0.86786
       0.46     0.94027
       0.48     0.94352
        0.5     0.75963
       0.52      0.3881
       0.54    -0.00848
       0.56    -0.26023
       0.58    -0.27751
        0.6    -0.00739
       0.62     0.56437
       0.64     1.37927
       0.66     2.26125
       0.68     2.98173
        0.7     3.38225
       0.72     3.38333
       0.74     2.95342
       0.76     2.09515
       0.78     0.85416
        0.8    -0.66247
       0.82    -2.26839
       0.84    -3.73293
       0.86     -4.8824
       0.88    -5.61595
        0.9    -5.83794
       0.92    -5.46558
       0.94    -4.49394
       0.96    -3.02694
       0.98     -1.3143
         1.     0.27097
       1.02     1.34846
       1.04     1.61787
       1.06     0.92208
       1.08     -0.6649
        1.1    -2.82033
       1.12    -5.05139
       1.14    -6.83854
       1.16    -7.72276
       1.18    -7.21431
        1.2    -4.93531
       1.22    -1.05114
       1.24     3.67514
       1.26     8.21806
       1.28    11.56128
        1.3    12.90256
       1.32    11.81819
       1.34     8.32383
       1.36     2.85311
       1.38    -3.84948
        1.4   -10.85712
       1.42   -17.20816
       1.44   -21.99048
       1.46   -24.33145
       1.48   -23.59673
        1.5   -19.73344
       1.52   -13.38231
       1.54    -5.67713
       1.56     2.02321
       1.58     8.31734
        1.6    11.97613
       1.62    12.47308
       1.64    10.66315
       1.66     8.27391
       1.68       6.528
        1.7     5.86062
       1.72      6.3239
       1.74     7.69351
       1.76     9.61605
       1.78    11.73532
        1.8    13.69568
       1.82    15.13159
       1.84    15.63499
       1.86    14.85253
       1.88    12.63286
        1.9     9.04999
       1.92     4.36451
       1.94    -1.00572
       1.96    -6.53523
       1.98   -11.67936
         2.   -15.97023
       2.02   -19.09351
       2.04   -20.94507
       2.06   -21.64026
       2.08   -21.44653
        2.1   -20.70522
       2.12   -19.78552
       2.14   -18.85282
       2.16   -17.67141
       2.18   -15.05953
        2.2    -9.11715
       2.22     0.47146
       2.24     11.9522
       2.26     22.9828
       2.28    31.15889
        2.3     34.5027
       2.32    31.97964
       2.34    23.66439
       2.36    10.68094
       2.38     -5.0146
        2.4   -21.02486
       2.42   -34.57477
       2.44   -41.92045
       2.46    -40.0418
       2.48   -29.02683
        2.5   -11.30892
       2.52     9.44448
       2.54    28.86758
       2.56    43.21153
       2.58     50.6464
        2.6    50.83728
       2.62    44.02346
       2.64    31.38572
       2.66    15.04821
       2.68    -2.32724
        2.7   -17.88547
       2.72   -29.15545
       2.74   -34.44886
       2.76   -33.12387
       2.78   -25.74909
        2.8   -13.80476
       2.82     0.74615
       2.84    15.65294
       2.86    28.61373
       2.88    37.46768
        2.9    40.53905
       2.92    37.14435
       2.94    27.71603
       2.96    13.69477
       2.98    -2.66554
         3.   -18.71435
       3.02   -31.60964
       3.04   -38.65777
       3.06    -38.3952
       3.08   -31.06565
        3.1   -18.23679
       3.12    -2.49662
       3.14    13.03157
       3.16    25.30206
       3.18    31.87935
        3.2    31.76694
       3.22    25.60948
       3.24       14.73
       3.26     0.85492
       3.28   -13.81609
        3.3   -27.03247
       3.32    -36.8389
       3.34   -41.09864
       3.36   -37.57816
       3.38    -26.1252
        3.4    -9.11891
       3.42     9.94941
       3.44    27.13889
       3.46    39.39583
       3.48    45.49051
        3.5    44.99513
       3.52    37.97147
       3.54    25.55203
       3.56     9.74537
       3.58    -6.92738
        3.6    -21.7678
       3.62   -32.15019
       3.64   -36.09769
       3.66     -33.009
       3.68   -23.64754
        3.7    -9.89154
       3.72     5.56907
       3.74    19.73651
       3.76    29.89497
       3.78    34.27025
        3.8    32.38929
       3.82     24.9452
       3.84    13.41007
       3.86    -0.28488
       3.88     -13.949
        3.9   -25.45834
       3.92   -33.13314
       3.94    -36.0008
       3.96   -33.91961
       3.98   -27.16303
         4.   -16.22086
       4.02    -2.56345
       4.04     11.3314
       4.06    23.00973
       4.08    30.62749
        4.1    32.93734
       4.12    29.43014
       4.14    20.59046
       4.16     7.81922
       4.18    -6.82486
        4.2   -20.98201
       4.22   -32.41094
       4.24   -39.37938
       4.26   -40.96562
       4.28   -37.13775
        4.3   -28.69846
       4.32   -17.17601
       4.34    -4.42081
       4.36     8.30452
       4.38    20.04257
        4.4    28.98425
       4.42    33.28323
       4.44    32.35821
       4.46    26.99097
       4.48     18.9113
        4.5    10.04435
       4.52     1.89852
       4.54    -4.45197
       4.56    -8.32941
       4.58    -9.57841
        4.6     -8.5765
       4.62    -6.13813
       4.64    -3.33835
       4.66    -1.26818
       4.68    -0.18594
        4.7     0.64336
       4.72     1.52336
       4.74     2.03572
       4.76      1.7349
       4.78     0.22517
        4.8    -2.71797
       4.82    -7.07726
       4.84   -12.30155
       4.86   -16.36385
       4.88   -16.77614
        4.9   -12.84745
       4.92    -5.42069
       4.94       3.959
       4.96    13.53318
       4.98     22.1426
         5.    28.81703
       5.02    32.37659
       5.04    32.02055
       5.06    27.60615
       5.08    19.65112
        5.1     9.29108
       5.12    -1.83946
       5.14   -11.63268
       5.16   -17.99402
       5.18   -19.65743
        5.2   -16.40141
       5.22    -8.98818
       5.24     0.94365
       5.26    11.23149
       5.28    19.90413
        5.3    25.97181
       5.32    28.86096
       5.34     27.9209
       5.36    23.04505
       5.38    14.78744
        5.4     4.22812
       5.42    -7.14947
       5.44   -17.68762
       5.46   -25.62836
       5.48   -29.35452
        5.5   -27.92407
       5.52   -21.52939
       5.54   -11.50677
       5.56     0.06773
       5.58    10.83089
        5.6      18.566
       5.62    21.61897
       5.64    19.19786
       5.66    11.73394
       5.68      1.0207
        5.7   -10.38374
       5.72   -20.06672
       5.74   -26.28364
       5.76    -28.0601
       5.78   -25.13515
        5.8   -17.87667
       5.82    -7.34574
       5.84     4.67568
       5.86    16.06502
       5.88    24.86117
        5.9     29.5457
       5.92    29.25846
       5.94    23.96601
       5.96    14.44956
       5.98     2.19734
         6.   -10.67493
       6.02   -21.67455
       6.04    -28.5122
       6.06   -29.80283
       6.08   -25.48774
        6.1   -16.62757
       6.12    -4.87561
       6.14     7.79285
       6.16     19.1407
       6.18    27.03953
        6.2    29.96848
       6.22    27.29178
       6.24    19.51647
       6.26     8.27875
       6.28    -4.17405
        6.3   -15.55792
       6.32   -23.92416
       6.34   -27.87618
       6.36   -26.71627
       6.38   -20.63287
        6.4   -10.75445
       6.42     1.08835
       6.44     12.7278
       6.46    22.09894
       6.48    27.69273
        6.5    28.75858
       6.52     25.2337
       6.54    17.72013
       6.56     7.51987
       6.58    -3.57943
        6.6   -13.67246
       6.62   -21.11182
       6.64   -24.66874
       6.66    -23.6443
       6.68   -18.20385
        6.7    -9.37084
       6.72     1.28022
       6.74    11.86131
       6.76     20.4642
       6.78    25.50504
        6.8     26.0121
       6.82    21.79708
       6.84    13.44742
       6.86     2.23974
       6.88    -9.78403
        6.9   -20.05652
       6.92   -26.40347
       6.94    -27.7123
       6.96   -23.93614
       6.98   -15.89515
         7.    -4.97812
       7.02     7.09401
       7.04    18.36575
       7.06    26.83358
       7.08    30.84877
        7.1    29.53436
       7.12    22.97293
       7.14    12.20822
       7.16    -0.82743
       7.18   -13.58809
        7.2   -23.56509
       7.22   -28.94663
       7.24   -28.84228
       7.26    -23.3072
       7.28   -13.40136
        7.3    -1.01706
       7.32    11.52133
       7.34    21.87821
       7.36    28.15233
       7.38    29.29405
        7.4    25.26616
       7.42    16.86463
       7.44     5.46752
       7.46    -7.07522
       7.48   -18.54041
        7.5    -26.7283
       7.52   -30.05001
       7.54   -27.87357
       7.56    -20.6268
       7.58    -9.69508
        7.6     2.86034
       7.62    14.66595
       7.64    23.48587
       7.66    27.66326
       7.68    26.48154
        7.7    20.26752
       7.72    10.17366
       7.74    -2.10676
       7.76   -14.41892
       7.78   -24.43095
        7.8   -30.22129
       7.82   -30.56214
       7.84   -25.18251
       7.86   -14.94192
       7.88    -1.60421
        7.9    12.49721
       7.92    24.87657
       7.94    33.35615
       7.96    36.36306
       7.98    33.14023
         8.    24.18621
       8.02    11.36743
       8.04    -2.73487
       8.06   -15.55395
       8.08    -24.8969
        8.1   -29.18776
       8.12   -27.75224
       8.14   -20.93551
       8.16   -10.02398
       8.18     2.99441
        8.2     15.8126
       8.22    26.19109
       8.24    32.28813
       8.26    32.96524
       8.28    28.00805
        8.3     18.1685
       8.32      5.0796
       8.34    -8.98754
       8.36   -21.55711
       8.38   -30.42147
        8.4   -34.02822
       8.42   -31.75825
       8.44   -24.00805
       8.46   -12.13242
       8.48     1.74044
        8.5    15.07708
       8.52    25.74206
       8.54    32.61341
       8.56    35.11216
       8.58    32.96926
        8.6    26.56971
       8.62    16.96336
       8.64     5.70048
       8.66    -5.41078
       8.68   -14.61202
        8.7   -20.50091
       8.72   -22.27591
       8.74   -19.81151
       8.76   -13.59758
       8.78    -4.72383
        8.8     5.15238
       8.82    14.11187
       8.84    20.49893
       8.86    23.18708
       8.88    21.56211
        8.9    15.64378
       8.92     6.18972
       8.94    -5.48369
       8.96   -17.48583
       8.98   -26.89752
         9.   -30.90834
       9.02   -28.63379
       9.04   -20.75137
       9.06    -8.60809
       9.08     5.85575
        9.1     20.0671
       9.12    31.41196
       9.14    37.89687
       9.16    38.23037
       9.18    31.98303
        9.2    19.77209
       9.22     3.16818
       9.24   -15.15926
       9.26   -31.56388
       9.28   -42.73286
        9.3   -46.58247
       9.32   -42.21627
       9.34   -30.10155
       9.36   -12.08417
       9.38     8.95435
        9.4    29.51225
       9.42    45.93969
       9.44    55.12523
       9.46    55.25751
       9.48    46.04709
        9.5    28.62412
       9.52     5.55254
       9.54   -18.88668
       9.56   -39.54997
       9.58   -52.52321
        9.6   -55.90385
       9.62   -49.55269
       9.64    -34.9716
       9.66   -15.14282
       9.68     6.37044
        9.7    26.33384
       9.72    41.58475
       9.74    49.32709
       9.76    48.12584
       9.78    38.16492
        9.8    21.10645
       9.82     -0.1867
       9.84   -22.14178
       9.86   -41.02396
       9.88    -53.5187
        9.9   -57.35365
       9.92   -51.72934
       9.94   -37.53835
       9.96   -17.21303
       9.98     5.84238
        10.    27.57364
      10.02     43.8625
      10.04    51.56753
      10.06    49.31971
      10.08    37.82041
       10.1    19.39107
      10.12    -2.60115
      10.14   -24.12263
      10.16   -41.17148
      10.18   -50.66434
       10.2   -51.02542
      10.22   -42.38073
      10.24   -26.54905
      10.26    -6.70862
      10.28     13.2436
       10.3    29.40868
      10.32    38.81799
      10.34    40.15641
      10.36    33.80086
      10.38    21.39294
       10.4     5.29479
      10.42   -11.48809
      10.44   -25.59636
      10.46    -34.4194
      10.48   -36.70016
       10.5   -32.44652
      10.52   -22.81854
      10.54      -9.861
      10.56     3.95464
      10.58    16.25605
       10.6    25.10197
      10.62    29.15351
      10.64    27.88545
      10.66    21.65083
      10.68    11.63095
       10.7    -0.26256
      10.72   -11.72216
      10.74   -20.55173
      10.76   -25.19808
      10.78   -25.05615
       10.8   -20.46026
      10.82   -12.52175
      10.84    -2.78314
      10.86     7.03792
      10.88    15.24985
       10.9    20.55899
      10.92     22.1381
      10.94    19.58291
      10.96    13.13089
      10.98     3.69363
        11.    -7.25318
      11.02   -17.73169
      11.04   -25.59222
      11.06   -29.07021
      11.08   -27.30833
       11.1   -20.65168
      11.12   -10.47544
      11.14     1.19775
      11.16    12.06377
      11.18    20.05473
       11.2    23.91521
      11.22    23.34602
      11.24    18.79654
      11.26     11.2991
      11.28     2.25004
       11.3    -6.79406
      11.32   -14.31807
      11.34   -19.10748
      11.36   -20.43188
      11.38   -18.06471
       11.4   -12.29986
      11.42    -3.99312
      11.44     5.58768
      11.46    14.85307
      11.48    22.06347
       11.5    25.78538
      11.52    25.22902
      11.54    20.38547
      11.56    12.01169
      11.58     1.45592
       11.6    -9.59574
      11.62   -19.40206
      11.64   -26.45647
      11.66   -29.73397
      11.68   -28.86797
       11.7   -24.22009
      11.72   -16.78627
      11.74    -7.99934
      11.76     0.50397
      11.78     7.14554
       11.8    10.62967
      11.82    10.14775
      11.84     5.57583
      11.86    -2.20408
      11.88   -11.19283
       11.9   -18.97383
      11.92   -23.50041
      11.94   -23.58462
      11.96   -19.13345
      11.98   -10.85561
        12.     0.01144
      12.02    11.71833
      12.04    22.17945
      12.06    29.42661
      12.08    32.05027
       12.1    29.51516
      12.12    22.31901
      12.14    11.82564
      12.16    -0.05424
      12.18   -11.19226
       12.2    -19.6141
      12.22   -23.84623
      12.24   -23.26447
      12.26   -18.36375
      12.28   -10.51535
       12.3    -1.39788
      12.32     7.20648
      12.34     13.6576
      12.36    16.90636
      12.38    16.45404
       12.4    12.27327
      12.42     5.03399
      12.44    -3.89737
      12.46   -12.76662
      12.48   -19.86852
       12.5   -23.99746
      12.52   -24.56869
      12.54   -21.49839
      12.56   -15.33464
      12.58    -7.21161
       12.6     1.51771
      12.62     9.43659
      12.64    15.25617
      12.66    18.07025
      12.68    17.41505
       12.7    13.36316
      12.72     6.60711
      12.74    -1.58584
      12.76     -9.5901
      12.78   -15.86273
       12.8   -19.35938
      12.82   -19.67987
      12.84   -17.03671
      12.86   -12.12104
      12.88    -5.92036
       12.9     0.42199
      12.92     5.78088
      12.94     9.29825
      12.96    10.51211
      12.98     9.27701
        13.     5.76664
      13.02     0.51614
      13.04    -5.63922
      13.06   -11.67172
      13.08   -16.60174
       13.1   -19.68874
      13.12    -20.4941
      13.14   -18.80794
      13.16    -14.5834
      13.18    -8.22015
       13.2     -0.6332
      13.22     7.00901
      13.24    13.45134
      13.26     17.5398
      13.28    18.49043
       13.3    16.02947
      13.32    10.34045
      13.34     2.35625
      13.36    -6.17922
      13.38   -13.56419
       13.4   -18.68289
      13.42   -20.93595
      13.44   -20.06426
      13.46   -15.91025
      13.48    -8.70643
       13.5     0.34257
      13.52     9.31151
      13.54    16.33946
      13.56    20.10256
      13.58     20.0488
       13.6    16.37349
      13.62     9.82745
      13.64     1.59559
      13.66    -6.87295
      13.68   -14.15579
       13.7    -19.0798
      13.72   -20.88468
      13.74   -19.41782
      13.76   -15.12691
      13.78    -9.04572
       13.8    -2.60177
      13.82     3.11913
      13.84     7.66454
      13.86    10.90261
      13.88    12.71248
       13.9    12.83978
      13.92     11.1367
      13.94     7.73682
      13.96     3.03456
      13.98    -2.33387
        14.    -7.58326
      14.02   -11.98859
      14.04   -14.85987
      14.06   -15.38392
      14.08   -13.12654
       14.1    -8.36805
      14.12    -1.87852
      14.14      5.1298
      14.16     11.1564
      14.18    14.70309
       14.2    14.68539
      14.22    10.75941
      14.24     3.33401
      14.26     -6.3666
      14.28    -16.4032
       14.3   -24.55383
      14.32   -28.89721
      14.34   -28.34669
      14.36   -22.96745
      14.38   -13.91548
       14.4    -3.07157
      14.42     7.43529
      14.44     15.8206
      14.46    20.88406
      14.48    21.95289
       14.5     18.9213
      14.52    12.29713
      14.54     3.26411
      14.56    -6.46671
      14.58   -15.05234
       14.6   -20.84696
      14.62   -22.65081
      14.64   -20.04783
      14.66   -13.64931
      14.68    -4.86198
       14.7     4.53926
      14.72    12.72163
      14.74    18.14321
      14.76    19.80845
      14.78    17.34234
       14.8     11.1753
      14.82     2.74072
      14.84    -5.99848
      14.86   -13.39561
      14.88   -18.36317
       14.9   -20.30646
      14.92   -19.17774
      14.94   -15.32189
      14.96    -9.31141
      14.98     -1.9983
        15.     5.41994
      15.02    11.48908
      15.04    14.87599
      15.06    14.72363
      15.08    10.90835
       15.1     4.22695
      15.12    -3.81115
      15.14   -11.44986
      15.16   -17.13045
      15.18   -19.79529
       15.2    -19.0329
      15.22   -15.11997
      15.24    -8.94806
      15.26    -1.70672
      15.28     5.45644
       15.3     11.5149
      15.32    15.56347
      15.34    16.86781
      15.36    15.05327
      15.38    10.27784
       15.4     3.33431
      15.42     -4.4628
      15.44   -11.76134
      15.46   -17.45605
      15.48   -20.75345
       15.5   -21.23108
      15.52   -18.82365
      15.54   -13.89284
      15.56    -7.31065
      15.58    -0.36501
       15.6     5.57532
      15.62     9.54856
      15.64    11.23224
      15.66    10.77265
      15.68     8.59707
       15.7     5.20436
      15.72     1.04938
      15.74    -3.34043
      15.76    -7.37342
      15.78   -10.40441
       15.8     -11.751
      15.82   -10.95681
      15.84    -8.08223
      15.86    -3.74224
      15.88     1.11023
       15.9     5.42303
      15.92     8.31549
      15.94     9.32147
      15.96     8.38815
      15.98     5.82201
        16.     2.22617
      16.02     -1.7529
      16.04    -5.58276
      16.06    -8.80857
      16.08   -11.08155
       16.1   -12.19643
      16.12   -12.07492
      16.14   -10.70425
      16.16     -8.0881
      16.18    -4.22367
       16.2      0.6392
      16.22     5.68154
      16.24     9.80566
      16.26    12.05184
      16.28    11.75909
       16.3     8.77963
      16.32     3.65864
      16.34    -2.62474
      16.36    -9.01022
      16.38   -14.39428
       16.4   -17.77784
      16.42   -18.53394
      16.44   -16.52941
      16.46   -12.08923
      16.48    -5.88953
       16.5     1.13878
      16.52     7.89308
      16.54    13.17668
      16.56    15.92733
      16.58    15.51042
       16.6     11.9627
      16.62     6.07781
      16.64    -0.91206
      16.66    -7.66994
      16.68   -12.97263
       16.7   -15.95025
      16.72   -16.16004
      16.74   -13.61867
      16.76    -8.85374
      16.78    -2.81134
       16.8     3.42414
      16.82     8.81069
      16.84    12.35263
      16.86    13.23784
      16.88    11.04169
       16.9     5.86268
      16.92    -1.54966
      16.94    -9.86106
      16.96    -17.4545
      16.98   -22.74006
        17.   -24.50935
      17.02   -22.24349
      17.04   -16.23516
      17.06    -7.57286
      17.08     2.10213
       17.1    10.96135
      17.12    17.33265
      17.14    20.08508
      17.16    18.88588
      17.18    14.17407
       17.2     7.02298
      17.22    -1.06431
      17.24    -8.52412
      17.26   -14.08934
      17.28   -16.93165
       17.3    -16.7332
      17.32   -13.72584
      17.34    -8.54171
      17.36    -2.02766
      17.38      4.8097
       17.4    10.85167
      17.42    15.02095
      17.44    16.54247
      17.46    15.17557
      17.48    11.26251
       17.5     5.58039
      17.52     -0.8542
      17.54    -6.94278
      17.56   -11.67829
      17.58   -14.30034
       17.6   -14.42945
      17.62   -12.15589
      17.64    -8.13395
      17.66    -3.48561
      17.68     0.64173
       17.7     3.40315
      17.72     4.33613
      17.74     3.41688
      17.76     1.10648
      17.78    -1.86892
       17.8    -4.80268
      17.82    -7.11078
      17.84    -8.42453
      17.86    -8.59524
      17.88    -7.65613
       17.9    -5.82887
      17.92    -3.49795
      17.94    -1.07688
      17.96      1.1075
      17.98     2.78085
        18.     3.65657
      18.02     3.50395
      18.04     2.29032
      18.06     0.25148
      18.08    -2.12815
       18.1    -4.29107
      18.12    -5.84845
      18.14    -6.66442
      18.16    -6.72505
      18.18    -5.98368
       18.2    -4.39487
      18.22    -2.08471
      18.24     0.52645
      18.26     2.84752
      18.28     4.37394
       18.3     4.79418
      18.32     4.01038
      18.34     2.15042
      18.36    -0.46832
      18.38    -3.40779
       18.4    -6.18616
      18.42    -8.35666
      18.44    -9.58575
      18.46    -9.71008
      18.48    -8.76421
       18.5    -6.97224
      18.52    -4.71802
      18.54    -2.44277
      18.56    -0.48797
      18.58     0.94274
       18.6     1.76275
      18.62     1.98399
      18.64     1.60181
      18.66     0.61231
      18.68    -0.76142
       18.7    -2.02736
      18.72    -2.69654
      18.74    -2.54544
      18.76    -1.66105
      18.78    -0.40908
       18.8     0.65538
      18.82     1.06435
      18.84     0.73731
      18.86    -0.08889
      18.88    -1.14673
       18.9    -2.17812
      18.92    -2.87295
      18.94     -2.9464
      18.96    -2.36299
      18.98    -1.43511
        19.     -0.5625
      19.02    -0.01128
      19.04     0.06899
      19.06    -0.38764
      19.08    -1.36758
       19.1    -2.77104
      19.12    -4.33925
      19.14    -5.60529
      19.16    -6.07083
      19.18    -5.48581
       19.2    -3.93158
      19.22    -1.69943
      19.24     0.82583
      19.26     3.19139
      19.28     4.89123
       19.3     5.45743
      19.32     4.57616
      19.34     2.21876
      19.36    -1.22228
      19.38    -5.02325
       19.4    -8.36146
      19.42   -10.48696
      19.44   -10.88191
      19.46    -9.38035
      19.48    -6.27087
       19.5    -2.28091
      19.52      1.6397
      19.54     4.54287
      19.56     5.76745
      19.58     5.20594
       19.6     3.21059
      19.62     0.34242
      19.64     -2.7338
      19.66    -5.34233
      19.68    -6.94482
       19.7    -7.22776
      19.72    -6.12622
      19.74    -3.81148
      19.76    -0.65949
      19.78     2.76139
       19.8     5.79932
      19.82     7.88397
      19.84     8.57954
      19.86     7.63567
      19.88     5.09225
       19.9     1.34242
      19.92     -2.9157
      19.94    -6.84917
      19.96    -9.71044
      19.98    -11.0707
        20.   -10.91229
      20.02    -9.55074
      20.04    -7.48076
      20.06    -5.20347
      20.08    -3.16066
       20.1    -1.68232
      20.12     -0.9193
      20.14    -0.83138
      20.16    -1.18448
      20.18    -1.61722
       20.2     -1.8088
      20.22    -1.57916
      20.24    -0.90543
      20.26     0.07989
      20.28     1.13682
       20.3     1.93641
      20.32     2.10007
      20.34     1.33455
      20.36    -0.44592
      20.38    -3.02293
       20.4    -5.85146
      20.42    -8.25104
      20.44    -9.61887
      20.46    -9.52049
      20.48    -7.77733
       20.5    -4.64099
      20.52     -0.8242
      20.54     2.75667
      20.56     5.22059
      20.58     5.90458
       20.6     4.57876
      20.62     1.53977
      20.64     -2.4938
      20.66    -6.57016
      20.68    -9.70702
       20.7   -11.09213
      20.72    -10.2542
      20.74    -7.14435
      20.76    -2.18553
      20.78     3.68597
       20.8     9.20577
      20.82    13.06919
      20.84    14.22394
      20.86    12.16725
      20.88     7.07446
       20.9     -0.1495
      20.92    -8.07526
      20.94    -15.1978
      20.96   -20.21203
      20.98   -22.13989
        21.   -20.46793
      21.02   -15.35773
      21.04     -7.7505
      21.06     0.86002
      21.08     8.78419
       21.1    14.45616
      21.12    16.73127
      21.14    15.12915
      21.16    10.00526
      21.18     2.46987
       21.2    -5.92508
      21.22   -13.49305
      21.24   -18.73364
      21.26   -20.62063
      21.28   -18.75396
       21.3   -13.40871
      21.32     -5.5131
      21.34     3.47418
      21.36    11.85466
      21.38    18.04624
       21.4    20.89081
      21.42    19.87496
      21.44    15.18781
      21.46      7.6492
      21.48    -1.43812
       21.5   -10.51049
      21.52   -17.98183
      21.54   -22.48807
      21.56   -23.16145
      21.58   -19.81203
       21.6    -12.9653
      21.62    -3.81449
      21.64     5.97222
      21.66    14.62105
      21.68    20.63746
       21.7    23.05519
      21.72    21.56549
      21.74    16.55515
      21.76     8.98717
      21.78     0.17248
       21.8    -8.51611
      21.82   -15.87778
      21.84   -20.92364
      21.86    -23.0012
      21.88   -21.92245
       21.9   -17.90832
      21.92   -11.59953
      21.94       -4.06
      21.96     3.39691
      21.98     9.46847
        22.    13.18876
      22.02    14.17726
      22.04    12.57883
      22.06     8.88846
      22.08      3.7751
       22.1    -2.01603
      22.12    -7.66689
      22.14   -12.39585
      22.16   -15.57978
      22.18   -16.76547
       22.2   -15.70479
      22.22   -12.48815
      22.24    -7.58363
      22.26    -1.76196
      22.28     3.99097
       22.3     8.64109
      22.32    11.33321
      22.34    11.56221
      22.36     9.28745
      22.38     4.95871
       22.4    -0.59579
      22.42    -6.33492
      22.44   -11.19977
      22.46   -14.33048
      22.48   -15.19915
       22.5   -13.63988
      22.52     -9.8603
      22.54    -4.41806
      22.56     1.86261
      22.58     8.02013
       22.6    12.98708
      22.62    15.66008
      22.64    15.29603
      22.66    11.77108
      22.68     5.53232
       22.7    -2.44158
      22.72   -10.73589
      22.74   -17.79745
      22.76   -22.32513
      22.78   -23.50983
       22.8   -21.14584
      22.82    -15.6428
      22.84    -7.90215
      22.86     0.85789
      22.88     9.27494
       22.9    15.98366
      22.92    19.81819
      22.94    20.09888
      22.96    16.78522
      22.98    10.47908
        23.     2.34332
      23.02    -6.11445
      23.04   -13.34968
      23.06    -18.0925
      23.08   -19.58549
       23.1   -17.72852
      23.12   -13.07827
      23.14    -6.63109
      23.16     0.43168
      23.18     6.87462
       23.2    11.57106
      23.22    13.71826
      23.24    12.97318
      23.26     9.50559
      23.28     3.98172
       23.3    -2.51886
      23.32    -8.70086
      23.34   -13.31456
      23.36   -15.42251
      23.38   -14.66111
       23.4   -11.29532
      23.42    -6.08138
      23.44    -0.10965
      23.46     5.41527
      23.48     9.44449
       23.5    11.26208
      23.52    10.58433
      23.54     7.63732
      23.56     3.10839
      23.58    -2.05592
       23.6    -6.96017
      23.62   -10.94685
      23.64   -13.50951
      23.66   -14.21538
      23.68   -12.82379
       23.7    -9.43227
      23.72    -4.56736
      23.74     0.83284
      23.76     5.66426
      23.78      8.9286
       23.8     9.90453
      23.82     8.31903
      23.84      4.5225
      23.86    -0.56406
      23.88    -5.73159
       23.9     -9.8038
      23.92   -12.00549
      23.94   -12.09955
      23.96   -10.30778
      23.98    -7.18973
        24.    -3.38384
      24.02     0.52316
      24.04     3.98485
      24.06      6.5764
      24.08     8.06114
       24.1      8.4035
      24.12     7.67688
      24.14     5.89164
      24.16     3.05066
      24.18    -0.70691
       24.2     -5.1013
      24.22    -9.72468
      24.24   -13.97729
      24.26   -16.98693
      24.28   -17.83728
       24.3   -15.93245
      24.32    -11.1338
      24.34    -3.82764
      24.36     4.89934
      24.38    13.32351
       24.4    19.61322
      24.42     22.2906
      24.44    20.51393
      24.46    14.40135
      24.48     5.09377
       24.5    -5.60243
      24.52   -15.70809
      24.54   -23.49604
      24.56   -27.74834
      24.58   -27.88963
       24.6   -24.00758
      24.62   -16.82176
      24.64    -7.64806
      24.66     1.82821
      24.68     9.90547
       24.7    15.20561
      24.72    16.97456
      24.74    15.19878
      24.76    10.48092
      24.78     3.85344
       24.8    -3.40094
      24.82    -9.94533
      24.84   -14.56461
      24.86   -16.33273
      24.88   -14.81877
       24.9   -10.22526
      24.92    -3.32933
      24.94     4.59749
      24.96    11.90558
      24.98    16.94118
        25.    18.48239
      25.02    16.02999
      25.04     9.96377
      25.06     1.46416
      25.08    -7.81679
       25.1   -16.20348
      25.12   -22.36966
      25.14   -25.43009
      25.16   -24.87914
      25.18   -20.67521
       25.2   -13.39646
      25.22    -4.22094
      25.24     5.28576
      25.26    13.54566
      25.28    19.27604
       25.3    21.61768
      25.32    20.26812
      25.34    15.62324
      25.36     8.65926
      25.38     0.50704
       25.4     -7.7587
      25.42   -15.08329
      25.44   -20.51759
      25.46   -23.33202
      25.48   -23.06788
       25.5   -19.67153
      25.52   -13.68521
      25.54    -6.23487
      25.56     1.23819
      25.58     7.29265
       25.6     10.7554
      25.62    10.94951
      25.64     7.83727
      25.66     2.04566
      25.68      -5.147
       25.7   -11.96893
      25.72   -16.59459
      25.74   -17.61308
      25.76   -14.59627
      25.78    -8.37372
       25.8    -0.58092
      25.82     6.83838
      25.84    12.07934
      25.86    14.04085
      25.88    12.55884
       25.9     8.22597
      25.92     2.17842
      25.94    -4.21709
      25.96    -9.82894
      25.98   -13.91061
        26.   -16.07416
      26.02   -16.35915
      26.04   -15.09342
      26.06   -12.67532
      26.08    -9.52092
       26.1    -6.06496
      26.12    -2.75066
      26.14     0.00675
      26.16     1.91394
      26.18     2.94356
       26.2     3.32679
      26.22     3.43757
      26.24      3.6897
      26.26     4.29998
      26.28     5.17828
       26.3     6.07236
      26.32     6.64236
      26.34     6.54397
      26.36     5.60165
      26.38     3.87721
       26.4     1.59105
      26.42    -0.96225
      26.44    -3.43045
      26.46    -5.43857
      26.48    -6.68072
       26.5     -7.0005
      26.52    -6.41731
      26.54    -5.08303
      26.56    -3.21621
      26.58    -1.09729
       26.6      0.9229
      26.62      2.4751
      26.64     3.24526
      26.66     3.01471
      26.68     1.70598
       26.7    -0.57372
      26.72    -3.54564
      26.74    -6.77457
      26.76    -9.68484
      26.78   -11.66079
       26.8   -12.19185
      26.82   -11.01728
      26.84    -8.24064
      26.86      -4.314
      26.88     0.09119
       26.9     4.24323
      26.92     7.46751
      26.94     9.16286
      26.96     8.89359
      26.98      6.5789
        27.      2.5535
      27.02    -2.49411
      27.04    -7.63427
      27.06   -11.84628
      27.08   -14.24588
       27.1    -14.3026
      27.12   -11.95529
      27.14    -7.64992
      27.16    -2.22341
      27.18     3.32501
       27.2     8.03911
      27.22    11.13482
      27.24    12.11728
      27.26    10.86557
      27.28     7.61646
       27.3     2.91664
      27.32    -2.41399
      27.34    -7.38238
      27.36   -11.03422
      27.38   -12.67701
       27.4   -11.98323
      27.42    -9.03689
      27.44    -4.38934
      27.46     1.02658
      27.48     6.11109
       27.5     9.82662
      27.52    11.44104
      27.54    10.70183
      27.56     7.82117
      27.58     3.37115
       27.6     -1.8077
      27.62    -6.74505
      27.64    -10.4997
      27.66   -12.32335
      27.68    -11.8243
       27.7    -9.08321
      27.72    -4.64383
      27.74     0.62253
      27.76     5.68732
      27.78     9.54058
       27.8    11.35582
      27.82    10.65802
      27.84     7.45581
      27.86     2.26591
      27.88    -3.96567
       27.9    -10.0289
      27.92   -14.69484
      27.94   -17.00149
      27.96   -16.44579
      27.98   -13.07069
        28.    -7.50603
      28.02    -0.83651
      28.04     5.66069
      28.06    10.75116
      28.08    13.45156
       28.1    13.20329
      28.12     9.98081
      28.14     4.33233
      28.16    -2.67352
      28.18    -9.65225
       28.2   -15.19557
      28.22   -18.14797
      28.24   -17.89944
      28.26   -14.56217
      28.28    -8.87642
       28.3    -2.01123
      28.32     4.65287
      28.34     9.83359
      28.36    12.64548
      28.38    12.69483
       28.4    10.06817
      28.42     5.31805
      28.44    -0.64916
      28.46    -6.74315
      28.48   -11.86742
       28.5   -15.10061
      28.52   -15.84332
      28.54   -13.94216
      28.56    -9.76512
      28.58    -4.13702
       28.6       1.874
      28.62     7.22275
      28.64    11.06274
      28.66    12.84453
      28.68    12.37139
       28.7     9.75336
      28.72     5.38698
      28.74    -0.05582
      28.76    -5.75011
      28.78   -10.85569
       28.8   -14.62378
      28.82   -16.49227
      28.84   -16.17382
      28.86   -13.72258
      28.88    -9.51773
       28.9    -4.21141
      28.92     1.33074
      28.94     6.18824
      28.96     9.57769
      28.98    10.98449
        29.    10.22945
      29.02     7.47937
      29.04     3.22999
      29.06    -1.76599
      29.08    -6.61279
       29.1   -10.40811
      29.12   -12.42057
      29.14   -12.23555
      29.16     -9.8427
      29.18    -5.67756
       29.2    -0.54657
      29.22     4.50868
      29.24     8.41711
      29.26     10.3568
      29.28     9.90908
       29.3     7.13437
      29.32     2.57438
      29.34    -2.89354
      29.36    -8.26435
      29.38   -12.60963
       29.4   -15.21632
      29.42   -15.64631
      29.44   -13.77745
      29.46     -9.8558
      29.48    -4.49891
       29.5      1.3595
      29.52      6.6334
      29.54    10.32739
      29.56    11.74545
      29.58    10.65302
       29.6     7.31007
      29.62     2.38541
      29.64    -3.17649
      29.66    -8.34391
      29.68   -12.18754
       29.7   -14.02753
      29.72   -13.53598
      29.74   -10.78929
      29.76    -6.29526
      29.78    -0.93698
       29.8     4.23159
      29.82     8.21389
      29.84    10.23717
      29.86     9.90247
      29.88     7.28096
       29.9     2.88325
      29.92    -2.46183
      29.94    -7.77638
      29.96   -12.12526
      29.98   -14.76011
        30.   -15.22258
