 
 SAP2000 v18.2.0 File: FRAME  N, mm, C Units  PAGE 1
 m/d/yy h:mm:ss
 
 T I M E   H I S T O R Y   D A T A 
 
 CASE  NLDHIST_4g
 FUNCTION  Joint2-1:  Joint 2  Displacement  UX    
 
       TIME    FUNCTION
               Joint2-1
         0.     0.09708
       0.02     0.21529
       0.04     0.65984
       0.06     1.44292
       0.08     2.40352
        0.1     3.40971
       0.12     4.38122
       0.14       5.218
       0.16     5.75671
       0.18     5.82897
        0.2     5.35269
       0.22     4.43459
       0.24     3.38043
       0.26     2.53425
       0.28     2.08763
        0.3     2.04068
       0.32     2.28366
       0.34     2.64677
       0.36     2.92881
       0.38     2.99416
        0.4     2.91389
       0.42     2.93575
       0.44     3.26206
       0.46     3.77149
       0.48     3.99509
        0.5     3.42462
       0.52     2.02154
       0.54     0.40628
       0.56    -0.75383
       0.58    -1.08513
        0.6    -0.33142
       0.62     1.63325
       0.64     4.65689
       0.66     8.11288
       0.68    11.13934
        0.7    13.11087
       0.72     13.6653
       0.74    12.58288
       0.76      9.7455
       0.78     5.19376
        0.8    -0.77271
       0.82    -7.49738
       0.84   -14.08299
       0.86   -19.78271
       0.88   -24.06432
        0.9   -26.35598
       0.92   -26.10339
       0.94    -23.0636
       0.96   -17.46666
       0.98   -10.19988
         1.    -2.74794
       1.02     3.25278
       1.04     6.36632
       1.06     5.63511
       1.08     0.97991
        1.1     -6.6626
       1.12   -15.58058
       1.14   -23.79466
       1.16   -29.36688
       1.18   -30.03011
        1.2   -23.78787
       1.22   -10.70862
       1.24     6.74717
       1.26     24.9355
       1.28    39.99203
        1.3    48.57238
       1.32      48.497
       1.34    39.05687
       1.36    21.05746
       1.38     -3.4319
        1.4   -31.40396
       1.42   -59.34355
       1.44   -84.07486
       1.46  -103.21186
       1.48  -115.04061
        1.5  -118.63567
       1.52  -113.91788
       1.54  -101.75454
       1.56   -84.19955
       1.58   -64.33367
        1.6   -45.92736
       1.62   -31.67669
       1.64   -20.21108
       1.66    -7.81751
       1.68     6.58003
        1.7     21.1405
       1.72    33.49843
       1.74    41.85944
       1.76    45.47149
       1.78    44.29066
        1.8    38.70402
       1.82    29.60263
       1.84    17.88572
       1.86     4.39592
       1.88    -9.80657
        1.9   -23.71363
       1.92   -36.60175
       1.94    -48.0262
       1.96   -57.86492
       1.98   -66.27232
         2.   -73.62013
       2.02   -80.47798
       2.04   -87.48106
       2.06   -95.18469
       2.08  -103.97508
        2.1  -114.15932
       2.12  -126.21866
       2.14  -139.99995
       2.16  -153.67759
       2.18   -161.2676
        2.2  -153.18105
       2.22  -125.57114
       2.24   -83.23001
       2.26   -34.45406
       2.28    11.65132
        2.3    48.43685
       2.32    72.82655
       2.34    83.20096
       2.36    78.16014
       2.38    57.33992
        2.4    22.57833
       2.42   -20.49472
       2.44   -59.23189
       2.46   -80.51842
       2.48   -80.26422
        2.5   -60.56973
       2.52   -26.79009
       2.54    12.76829
       2.56    50.27948
       2.58    82.40889
        2.6   109.27921
       2.62   130.70415
       2.64   146.18904
       2.66   155.11356
       2.68   156.43929
        2.7   149.31146
       2.72   133.81293
       2.74   111.42345
       2.76    84.80075
       2.78    57.39415
        2.8    33.31238
       2.82     17.1961
       2.84    13.17382
       2.86    23.18043
       2.88    45.82553
        2.9    76.76775
       2.92   109.99383
       2.94   139.00647
       2.96   158.19892
       2.98   163.92792
         3.   154.87899
       3.02   133.03941
       3.04   103.80365
       3.06    73.10337
       3.08    45.62621
        3.1     25.0086
       3.12    13.50653
       3.14    11.67386
       3.16    18.53481
       3.18    32.08576
        3.2    50.76167
       3.22    73.60988
       3.24    97.53025
       3.26   117.60148
       3.28    129.3202
        3.3   129.41792
       3.32   116.49975
       3.34    94.48533
       3.36    73.26577
       3.38    59.76312
        3.4    55.01437
       3.42    58.07494
       3.44    66.20512
       3.46    77.89493
       3.48    94.81133
        3.5   116.47855
       3.52   138.89152
       3.54   157.66648
       3.56   168.81023
       3.58   169.45395
        3.6   158.52406
       3.62   137.60141
       3.64   110.71233
       3.66    82.30745
       3.68    56.46877
        3.7    36.75816
       3.72    25.64348
       3.74    23.87852
       3.76    30.77633
       3.78    45.15257
        3.8    65.49736
       3.82    89.58537
       3.84   113.85753
       3.86   133.62474
       3.88   144.63238
        3.9   143.98858
       3.92   130.48033
       3.94   105.05769
       3.96    70.76564
       3.98    33.87145
         4.      3.1504
       4.02    -15.7801
       4.04   -22.19496
       4.06   -16.31921
       4.08     1.64027
        4.1    29.03628
       4.12    60.61407
       4.14    90.36547
       4.16   112.51995
       4.18   122.48736
        4.2   117.73428
       4.22    98.10718
       4.24    65.88156
       4.26    25.42124
       4.28   -17.34163
        4.3   -57.24909
       4.32   -92.29457
       4.34  -121.55509
       4.36  -140.91229
       4.38  -145.01876
        4.4  -132.98757
       4.42  -107.36767
       4.44   -71.46846
       4.46   -29.08774
       4.48    15.65798
        4.5    58.91036
       4.52    98.09457
       4.54   131.59731
       4.56   157.76472
       4.58   174.51498
        4.6   179.54028
       4.62   170.81224
       4.64   147.54634
       4.66    111.3425
       4.68     68.7409
        4.7     30.4805
       4.72     3.73715
       4.74   -10.61899
       4.76   -14.05539
       4.78    -8.66363
        4.8     2.71672
       4.82    16.16664
       4.84    28.53376
       4.86    42.17404
       4.88    61.91383
        4.9    87.08656
       4.92   113.36178
       4.94   134.94706
       4.96   148.68581
       4.98   155.40299
         5.   157.11451
       5.02   153.76183
       5.04   145.33199
       5.06    132.2829
       5.08   115.55992
        5.1    96.74653
       5.12    78.07136
       5.14    63.09777
       5.16    55.77822
       5.18    57.93386
        5.2    68.98327
       5.22    86.48824
       5.24   106.34792
       5.26   123.73219
       5.28    135.2428
        5.3   141.15999
       5.32   142.46117
       5.34   138.31919
       5.36   128.21647
       5.38   112.47375
        5.4     92.0897
       5.42    68.81177
       5.44    45.03294
       5.46    24.28704
       5.48     10.8998
        5.5     8.30837
       5.52    17.29548
       5.54    35.63633
       5.56    59.15918
       5.58    82.74882
        5.6   101.23194
       5.62   110.36437
       5.64   107.54465
       5.66    93.13763
       5.68    71.32537
        5.7    48.29134
       5.72    29.38388
       5.74    17.87309
       5.76    15.20912
       5.78    21.69849
        5.8     36.9765
       5.82    59.50716
       5.84     85.9654
       5.86   112.04267
       5.88   133.64292
        5.9   147.30702
       5.92   150.58347
       5.94   142.49676
       5.96   123.66257
       5.98    96.32886
         6.    64.74809
       6.02    34.99444
       6.04    13.40228
       6.06     4.20295
       6.08      8.1807
        6.1    23.58657
       6.12    47.65815
       6.14    76.91838
       6.16   106.54909
       6.18   131.11329
        6.2   146.02201
       6.22   148.23625
       6.24   137.40946
       6.26   116.31018
       6.28    89.38217
        6.3    61.37455
       6.32    36.70793
       6.34    19.17597
       6.36    11.76796
       6.38    15.89988
        6.4    30.75423
       6.42    53.61145
       6.44    80.43748
       6.46    106.7337
       6.48   128.69437
        6.5    143.5638
       6.52   149.27076
       6.54   144.70041
       6.56     130.429
       6.58   108.69777
        6.6    82.88425
       6.62    56.75532
       6.64    34.36118
       6.66    19.80356
       6.68    15.65717
        6.7    22.44153
       6.72    39.04427
       6.74    62.69985
       6.76    89.29892
       6.78   114.11683
        6.8   132.61661
       6.82   141.23411
       6.84   137.82429
       6.86   122.07709
       6.88    96.80927
        6.9    67.99376
       6.92    41.89749
       6.94     22.9107
       6.96    13.56203
       6.98    14.89613
         7.    26.91225
       7.02    48.50329
       7.04     76.7958
       7.06   107.00375
       7.08   133.41977
        7.1   150.88216
       7.12    155.8214
       7.14   146.82674
       7.16   125.17717
       7.18    95.20483
        7.2    63.00337
       7.22    34.18862
       7.24    13.34651
       7.26      3.9126
       7.28     7.15833
        7.3    22.05772
       7.32     45.6947
       7.34    73.63847
       7.36   100.87983
       7.38   123.02996
        7.4   136.94279
       7.42   140.52285
       7.44   132.66685
       7.46   113.96867
       7.48    87.55657
        7.5    58.57459
       7.52    32.50435
       7.54    13.98694
       7.56     6.04502
       7.58     9.72396
        7.6    24.05641
       7.62    46.08706
       7.64    71.53245
       7.66    95.67086
       7.68   114.41991
        7.7   125.02719
       7.72   125.82141
       7.74   116.20528
       7.76    97.70732
       7.78    74.04048
        7.8    49.81986
       7.82    30.04348
       7.84    18.98069
       7.86    18.97607
       7.88    30.34735
        7.9    51.34482
       7.92    78.49926
       7.94    107.2837
       7.96   132.48362
       7.98   148.89295
         8.    153.4929
       8.02   146.62841
       8.04   130.46989
       8.06   107.80987
       8.08    82.23483
        8.1    57.81199
       8.12    38.34807
       8.14    26.93775
       8.16    25.28253
       8.18    33.46716
        8.2    50.20016
       8.22    72.74355
       8.24    97.18743
       8.26   119.13472
       8.28   134.36794
        8.3   139.69418
       8.32   133.73571
       8.34   117.21646
       8.36    92.83633
       8.38    64.69509
        8.4    37.50235
       8.42    15.86938
       8.44     3.48142
       8.46     2.35697
       8.48    12.75933
        8.5    32.90589
       8.52    60.36545
       8.54    93.65626
       8.56   129.58696
       8.58   162.91457
        8.6   189.92217
       8.62   209.05496
       8.64   219.44638
       8.66    220.4633
       8.68   211.71051
        8.7   193.77837
       8.72   168.99632
       8.74   140.90057
       8.76   114.01447
       8.78    93.10116
        8.8    81.29332
       8.82    79.76282
       8.84    88.48561
       8.86   105.78654
       8.88   127.99293
        8.9   150.24514
       8.92   167.45801
       8.94    175.2495
       8.96   171.69439
       8.98   160.55534
         9.   148.41429
       9.02   138.24234
       9.04   130.77763
       9.06   127.67689
       9.08   130.47114
        9.1   138.64282
       9.12     150.444
       9.14   163.87337
       9.16   175.88994
       9.18   182.84511
        9.2   181.42845
       9.22   169.30002
       9.24   147.32655
       9.26   120.73042
       9.28    95.60067
        9.3     76.7297
       9.32    68.15003
       9.34    72.49507
       9.36    90.54907
       9.38   120.83791
        9.4   159.25552
       9.42   199.33391
       9.44    233.7866
       9.46   257.40199
       9.48   267.50311
        9.5   262.09255
       9.52    240.2279
       9.54   206.11491
       9.56   168.72816
       9.58   135.78805
        9.6   112.17271
       9.62    100.3251
       9.64   100.19493
       9.66   110.21619
       9.68   129.02383
        9.7   155.96349
       9.72   187.92806
       9.74   219.05535
       9.76   243.67943
       9.78   257.62319
        9.8   258.56045
       9.82   245.69779
       9.84    219.9091
       9.86    184.6339
       9.88   145.81493
        9.9   110.54638
       9.92    84.88709
       9.94    71.91032
       9.96    72.51611
       9.98    87.12642
        10.   113.84689
      10.02   147.20269
      10.04   180.24183
      10.06   206.96396
      10.08   223.86875
       10.1   229.64387
      10.12   224.16205
      10.14   208.70288
      10.16   186.54506
      10.18    161.9455
       10.2    138.7326
      10.22   120.31838
      10.24   109.02005
      10.26   105.32562
      10.28   108.44469
       10.3   116.44873
      10.32    127.3116
      10.34   140.41094
      10.36   155.76718
      10.38   172.49238
       10.4   188.27681
      10.42   201.00456
      10.44   210.01937
      10.46   214.45429
      10.48   212.59284
       10.5    203.3379
      10.52   186.97517
      10.54   165.11813
      10.56   140.81986
      10.58   118.53143
       10.6   102.80595
      10.62    96.95025
      10.64   102.49328
      10.66   118.68742
      10.68   142.85045
       10.7    171.3485
      10.72   200.10226
      10.74   225.03218
      10.76   242.64047
      10.78   250.58233
       10.8   247.56074
      10.82   233.30376
      10.84   209.76876
      10.86   181.09067
      10.88   152.24385
       10.9   128.56576
      10.92   114.33101
      10.94   111.14557
      10.96   118.39657
      10.98   133.74701
        11.   153.64046
      11.02   174.82258
      11.04   194.99302
      11.06   212.37409
      11.08   225.24907
       11.1   231.63036
      11.12   229.90632
      11.14   219.71201
      11.16   201.95303
      11.18   179.01039
       11.2   155.27421
      11.22   136.07722
      11.24   125.75847
      11.26   126.71464
      11.28   138.84223
       11.3   159.75044
      11.32   185.55337
      11.34   211.50964
      11.36    232.9364
      11.38   246.45567
       11.4   250.58873
      11.42   245.56638
      11.44   233.13085
      11.46   215.75691
      11.48   196.00576
       11.5   176.49655
      11.52   159.74137
      11.54   147.94087
      11.56   142.43909
      11.58   143.35453
       11.6   149.69196
      11.62   159.44766
      11.64   170.05175
      11.66   178.98499
      11.68   184.05595
       11.7   183.76442
      11.72   177.70687
      11.74   166.56629
      11.76   151.95543
      11.78   136.06441
       11.8   120.96607
      11.82    108.2597
      11.84    98.87267
      11.86    93.89535
      11.88    95.96596
       11.9   107.78739
      11.92    130.0025
      11.94   160.50712
      11.96   194.66803
      11.98   227.27245
        12.   254.57803
      12.02   274.84951
      12.04   287.42672
      12.06   291.76299
      12.08   287.45809
       12.1   275.05128
      12.12   256.65611
      12.14   235.52377
      12.16   215.26422
      12.18   199.24632
       12.2   190.09709
      12.22   189.30654
      12.24   196.57128
      12.26   209.22547
      12.28   223.29726
       12.3   235.40628
      12.32   242.96099
      12.34   244.29567
      12.36   239.53643
      12.38   229.71246
       12.4   215.93035
      12.42   200.06537
      12.44   184.97238
      12.46   173.76073
      12.48   168.77053
       12.5   170.62369
      12.52   178.47537
      12.54   191.02774
      12.56   206.29027
      12.58   221.67146
       12.6   235.04945
      12.62    244.7889
      12.64   249.74862
      12.66   249.57329
      12.68   244.37108
       12.7   234.74041
      12.72   222.07488
      12.74   208.67127
      12.76    197.3837
      12.78   190.55629
       12.8   189.07409
      12.82   192.35565
      12.84   198.85629
      12.86   206.69913
      12.88   214.19801
       12.9   219.99345
      12.92   223.15305
      12.94   223.50971
      12.96   221.60813
      12.98   217.97656
        13.   212.95422
      13.02   206.94802
      13.04   200.50936
      13.06   194.41264
      13.08   189.30498
       13.1   185.52739
      13.12   183.32439
      13.14   183.40167
      13.16   187.20515
      13.18    195.5657
       13.2   207.99667
      13.22   223.15986
      13.24    238.9239
      13.26   252.58881
      13.28   261.59239
       13.3    263.9516
      13.32   258.20129
      13.34    244.9373
      13.36   227.63459
      13.38   209.91493
       13.4   193.98114
      13.42   181.30458
      13.44   173.50057
      13.46   173.18647
      13.48   182.48811
       13.5   200.18651
      13.52   222.06412
      13.54   243.37999
      13.56   260.23675
      13.58   270.23002
       13.6   272.36958
      13.62   266.63262
      13.64   254.02197
      13.66   236.57162
      13.68   216.87952
       13.7   197.79098
      13.72   182.09574
      13.74   171.81001
      13.76   167.96289
      13.78    170.1501
       13.8   176.62805
      13.82   186.53065
      13.84   200.40993
      13.86   218.58375
      13.88   239.76596
       13.9   260.63294
      13.92   277.17484
      13.94   285.95917
      13.96   284.71178
      13.98   272.89321
        14.   251.85395
      14.02    224.3276
      14.04   194.58691
      14.06   168.84407
      14.08   152.77224
       14.1   149.46955
      14.12   159.76076
      14.14   181.92752
      14.16   211.41361
      14.18   241.42011
       14.2   265.07515
      14.22   277.10111
      14.24   274.24036
      14.26   256.62242
      14.28   228.11709
       14.3   195.18731
      14.32   165.32766
      14.34   144.65112
      14.36   135.86841
      14.38   138.88769
       14.4    152.0837
      14.42   172.41823
      14.44   196.71595
      14.46   222.08521
      14.48   245.03446
       14.5   261.95649
      14.52   269.92159
      14.54   267.52993
      14.56   255.61151
      14.58    236.7167
       14.6   214.49257
      14.62   193.45398
      14.64   177.65036
      14.66    169.1618
      14.68   168.41784
       14.7   174.72236
      14.72    186.2788
      14.74   200.75416
      14.76   215.49573
      14.78   227.56179
       14.8   234.83623
      14.82    237.3754
      14.84    236.5467
      14.86   232.92377
      14.88   226.27547
       14.9   216.65158
      14.92   204.62859
      14.94   191.74221
      14.96   180.66638
      14.98   174.18569
        15.   173.76601
      15.02   178.86499
      15.04   187.53492
      15.06   197.16323
      15.08    205.4103
       15.1   211.28623
      15.12   215.00831
      15.14   217.25094
      15.16   218.49849
      15.18   218.80738
       15.2   218.01205
      15.22    215.8282
      15.24   211.94494
      15.26   206.73915
      15.28   201.67715
       15.3   198.55571
      15.32    198.5216
      15.34   201.41162
      15.36   206.03354
      15.38   210.84362
       15.4   214.71226
      15.42   217.24902
      15.44   217.89774
      15.46   215.82553
      15.48   210.58882
       15.5   202.53006
      15.52   193.03192
      15.54   184.04626
      15.56   177.16918
      15.58   173.09771
       15.6   171.94702
      15.62   174.21743
      15.64   180.95221
      15.66   192.68862
      15.68   208.74304
       15.7   226.79732
      15.72   243.21382
      15.74   254.43273
      15.76   257.88843
      15.78   252.81846
       15.8   240.75391
      15.82    224.6757
      15.84   207.68475
      15.86   192.26107
      15.88    180.2645
       15.9   172.90887
      15.92    170.8868
      15.94   174.61598
      15.96   183.86009
      15.98    197.5263
        16.    213.8388
      16.02    230.0706
      16.04   242.83028
      16.06   249.15128
      16.08   247.18209
       16.1   236.56825
      16.12    218.7051
      16.14   196.79159
      16.16   175.49007
      16.18   160.23646
       16.2    155.2969
      16.22   161.60923
      16.24   177.21796
      16.26   198.50394
      16.28   220.76836
       16.3   239.42776
      16.32   251.40028
      16.34   254.97156
      16.36   249.36906
      16.38   235.47979
       16.4   215.88009
      16.42   194.04168
      16.44   173.69257
      16.46   158.41372
      16.48   151.23158
       16.5   154.00686
      16.52   166.79746
      16.54   187.38874
      16.56   211.74128
      16.58   235.10806
       16.6   253.36948
      16.62    264.0951
      16.64   266.24667
      16.66   259.89298
      16.68    246.2636
       16.7   227.44532
      16.72    206.3417
      16.74   186.35274
      16.76   170.57514
      16.78   161.26715
       16.8   159.91119
      16.82    166.9243
      16.84    180.8757
      16.86   198.58522
      16.88   215.91727
       16.9   228.73152
      16.92   234.16585
      16.94    231.3837
      16.96   221.45255
      16.98   207.07215
        17.   191.82661
      17.02   179.19847
      17.04    171.8459
      17.06    170.9917
      17.08    176.4028
       17.1    186.7171
      17.12   199.74996
      17.14   213.22382
      17.16   225.39029
      17.18   235.00462
       17.2   241.31693
      17.22   244.15675
      17.24   243.56465
      17.26   239.46777
      17.28   232.01114
       17.3   221.81636
      17.32   209.92343
      17.34   198.02788
      17.36   188.47269
      17.38   183.46584
       17.4   184.18575
      17.42   190.40924
      17.44   200.84228
      17.46   213.73531
      17.48   227.22055
       17.5   239.29635
      17.52   247.94619
      17.54   251.57146
      17.56    249.3403
      17.58   241.40709
       17.6   228.87122
      17.62   213.48828
      17.64   196.91547
      17.66   180.33822
      17.68   165.23187
       17.7   153.61092
      17.72   147.42456
      17.74   148.14539
      17.76    156.7131
      17.78   172.84944
       17.8   194.50144
      17.82   218.28852
      17.84   240.11699
      17.86   256.10019
      17.88   263.44594
       17.9   260.84577
      17.92   248.61279
      17.94    228.8714
      17.96   205.36158
      17.98   182.44724
        18.   163.93762
      18.02   152.52672
      18.04   149.76211
      18.06   156.06416
      18.08   170.76481
       18.1    191.8791
      18.12   215.87916
      18.14   238.22969
      18.16   254.75996
      18.18   262.96896
       18.2   262.31636
      18.22   253.64453
      18.24   238.44305
      18.26   218.78285
      18.28   197.57186
       18.3    178.1391
      18.32   163.55031
      18.34   156.08705
      18.36   156.82882
      18.38   165.44225
       18.4   180.25655
      18.42   198.58277
      18.44   217.17331
      18.46   232.76974
      18.48   242.64077
       18.5   245.02687
      18.52   239.37255
      18.54   226.53708
      18.56   208.95324
      18.58   190.12864
       18.6     173.837
      18.62   163.35913
      18.64   160.49314
      18.66   165.33446
      18.68   177.17726
       18.7   194.97369
      18.72   216.78205
      18.74   239.39582
      18.76    258.8585
      18.78   271.17999
       18.8   273.08137
      18.82    263.2264
      18.84    243.2889
      18.86   217.33258
      18.88    190.1642
       18.9   166.56363
      18.92   150.91749
      18.94   146.40695
      18.96   153.79188
      18.98    170.9267
        19.   193.95435
      19.02   218.56041
      19.04   240.44231
      19.06   255.78824
      19.08    261.8386
       19.1   257.36693
      19.12   243.22966
      19.14   222.59211
      19.16   200.02537
      19.18   179.97988
       19.2   165.88251
      19.22   159.98993
      19.24    163.2749
      19.26   175.10095
      19.28   193.07803
       19.3   213.48222
      19.32   232.02028
      19.34   244.85376
      19.36   249.76004
      19.38   246.41305
       19.4   236.01816
      19.42   221.00243
      19.44   204.49597
      19.46   189.69173
      19.48   179.00865
       19.5   173.53649
      19.52   173.20003
      19.54   176.99494
      19.56    183.6323
      19.58   192.36349
       19.6   202.66677
      19.62   213.59678
      19.64   223.93011
      19.66   232.47449
      19.68   238.15377
       19.7   240.21061
      19.72   238.44723
      19.74   233.33942
      19.76   225.94678
      19.78   217.50788
       19.8   209.25948
      19.82   202.42491
      19.84   197.82234
      19.86   195.63286
      19.88   195.62419
       19.9   197.48437
      19.92   200.97358
      19.94   205.78958
      19.96   211.33386
      19.98     216.408
        20.   219.34084
      20.02   218.57692
      20.04   213.31082
      20.06   203.94545
      20.08   191.92154
       20.1   179.37106
      20.12   168.79843
      20.14   162.61005
      20.16   162.76432
      20.18   170.35638
       20.2   185.03324
      20.22   204.89178
      20.24    226.8656
      20.26   247.26471
      20.28   262.48511
       20.3   269.50121
      20.32   266.27881
      20.34   252.36541
      20.36   229.23085
      20.38   200.34682
       20.4   170.85749
      20.42   146.35218
      20.44   131.38959
      20.46   128.69352
      20.48   139.19596
       20.5   161.63095
      20.52   191.81001
      20.54   223.62791
      20.56   250.85699
      20.58   268.15473
       20.6   272.17508
      20.62    262.5991
      20.64   241.80221
      20.66   214.14568
      20.68   185.34929
       20.7   161.25325
      20.72    146.7217
      20.74   145.00976
      20.76   156.87848
      20.78   180.03627
       20.8   209.73418
      20.82   239.66051
      20.84   263.31041
      20.86    275.6442
      20.88    273.9048
       20.9   258.40714
      20.92   232.39522
      20.94    200.5882
      20.96   168.46882
      20.98   141.84216
        21.   125.55968
      21.02   122.15905
      21.04   131.86552
      21.06   152.99942
      21.08   181.64078
       21.1   212.29757
      21.12   239.26867
      21.14   257.68717
      21.16   264.72988
      21.18   260.03093
       21.2   245.21996
      21.22   223.58596
      21.24   199.43612
      21.26   177.24444
      21.28   161.06268
       21.3   153.89284
      21.32   157.04225
      21.34    169.7683
      21.36   189.50332
      21.38   212.50031
       21.4   234.60944
      21.42   252.02436
      21.44    261.7961
      21.46   262.20437
      21.48   253.02143
       21.5   235.58906
      21.52   212.76948
      21.54   188.59469
      21.56   167.45577
      21.58   153.25976
       21.6   148.72388
      21.62   154.72788
      21.64   170.09605
      21.66   192.06803
      21.68   217.05735
       21.7   241.21069
      21.72   260.88282
      21.74   273.24331
      21.76   276.63543
      21.78   270.46091
       21.8   254.85444
      21.82   230.97533
      21.84   201.68892
      21.86   170.98722
      21.88   143.30314
       21.9   122.97331
      21.92   112.77952
      21.94   113.67694
      21.96   125.32186
      21.98   145.75193
        22.   171.87442
      22.02   200.38804
      22.04   227.69944
      22.06   250.04402
      22.08   264.07098
       22.1   267.51948
      22.12    259.4942
      22.14   240.36451
      22.16   212.36479
      22.18   179.91129
       22.2   148.60327
      22.22   124.03015
      22.24   110.41108
      22.26   109.54306
      22.28   121.59262
       22.3   145.18349
      22.32   176.46559
      22.34   210.00263
      22.36   240.18356
      22.38   262.11754
       22.4   272.77115
      22.42   271.28218
      22.44   258.33787
      22.46   236.16302
      22.48   208.50364
       22.5    180.0732
      22.52   155.95186
      22.54   140.67132
      22.56   137.27534
      22.58    146.8723
       22.6   167.87214
      22.62   195.71707
      22.64   224.58574
      22.66   248.84278
      22.68   263.66645
       22.7   266.10796
      22.72   255.82005
      22.74   234.89946
      22.76   207.15023
      22.78    177.3366
       22.8    150.4983
      22.82   131.22737
      22.84   122.80294
      22.86   126.78945
      22.88   143.15471
       22.9   169.66799
      22.92   201.81757
      22.94   234.13888
      22.96   261.22025
      22.98   278.89971
        23.   285.44768
      23.02    280.8552
      23.04   266.13387
      23.06   243.73211
      23.08   217.22579
       23.1   190.44581
      23.12   167.05906
      23.14    150.3635
      23.16   142.93567
      23.18   146.03811
       23.2   159.12294
      23.22   179.94454
      23.24   205.06247
      23.26   230.33061
      23.28   251.63799
       23.3   265.84985
      23.32   271.21925
      23.34   267.53678
      23.36    256.0515
      23.38   238.77917
       23.4   218.19581
      23.42   197.22346
      23.44    178.7374
      23.46   165.21046
      23.48   158.56946
       23.5   159.77848
      23.52    168.6277
      23.54   183.92967
      23.56    203.6482
      23.58    224.9866
       23.6   244.30922
      23.62   257.58907
      23.64   261.92689
      23.66   256.66852
      23.68   243.28415
       23.7   224.73711
      23.72    204.5226
      23.74   185.74261
      23.76   170.93758
      23.78    161.9405
       23.8   159.54843
      23.82   163.61868
      23.84   173.59779
      23.86   188.67635
      23.88   207.49626
       23.9   227.94005
      23.92   246.85613
      23.94   260.59922
      23.96   266.07586
      23.98    261.5633
        24.   247.61489
      24.02   226.99206
      24.04   203.74767
      24.06   182.49642
      24.08    167.5944
       24.1   162.32268
      24.12   167.96597
      24.14   182.96814
      24.16   203.46074
      24.18   224.50496
       24.2   241.03253
      24.22   248.85165
      24.24   245.86803
      24.26   233.15173
      24.28   214.46248
       24.3   194.80212
      24.32   179.44018
      24.34   172.85616
      24.36   176.99771
      24.38   190.43084
       24.4   209.48584
      24.42   229.42737
      24.44   245.34615
      24.46   253.69932
      24.48   253.24008
       24.5   244.61995
      24.52   229.60863
      24.54   210.49928
      24.56    189.9173
      24.58   170.69911
       24.6   155.71612
      24.62   147.44027
      24.64    147.1453
      24.66   154.65147
      24.68   168.57536
       24.7   186.72107
      24.72   206.68528
      24.74   226.21616
      24.76   243.10451
      24.78   255.25272
       24.8   261.05357
      24.82    259.7829
      24.84   251.95602
      24.86   239.42267
      24.88   224.87243
       24.9   211.11855
      24.92   200.70077
      24.94   195.21049
      24.96   194.57942
      24.98   197.41702
        25.   201.82134
      25.02   206.01349
      25.04   208.93048
      25.06   210.38053
      25.08   210.62001
       25.1   209.70598
      25.12   207.18598
      25.14   202.74033
      25.16    197.0901
      25.18   191.87402
       25.2   188.76117
      25.22   188.81932
      25.24    192.3321
      25.26   199.13496
      25.28   208.75536
       25.3   220.10763
      25.32    231.6206
      25.34   241.87347
      25.36   249.66439
      25.38   253.22253
       25.4   250.47134
      25.42   240.27391
      25.44   223.01561
      25.46    200.7428
      25.48   177.11604
       25.5   156.57351
      25.52   142.84943
      25.54   137.88445
      25.56    141.8101
      25.58   153.44393
       25.6   170.42847
      25.62   189.52113
      25.64   207.40822
      25.66   221.35108
      25.68   229.95215
       25.7   233.77519
      25.72   234.72328
      25.74   235.07532
      25.76   235.91591
      25.78   236.09279
       25.8   233.55976
      25.82    226.5948
      25.84   214.42955
      25.86   198.33336
      25.88   181.62655
       25.9   168.26688
      25.92   161.78277
      25.94   164.31107
      25.96   175.32126
      25.98   191.93153
        26.   210.06814
      26.02   225.09359
      26.04   233.10886
      26.06   232.23615
      26.08   222.78884
       26.1    206.9256
      26.12   188.02585
      26.14   169.91747
      26.16   156.35089
      26.18   150.75387
       26.2   155.59531
      26.22   171.72272
      26.24   198.08751
      26.26   231.26253
      26.28   265.77442
       26.3   296.05192
      26.32   318.38996
      26.34   331.09337
      26.36   333.38618
      26.38   325.25878
       26.4   307.90489
      26.42   283.76773
      26.44   256.49501
      26.46   230.40278
      26.48   209.57965
       26.5   197.22392
      26.52   195.05283
      26.54    203.2448
      26.56   220.75478
      26.58   244.98855
       26.6   271.88363
      26.62   296.95661
      26.64   315.95273
      26.66    325.3604
      26.68   323.25955
       26.7   309.58248
      26.72   286.08596
      26.74   256.38979
      26.76   225.45836
      26.78   198.72595
       26.8   180.73913
      26.82   173.89896
      26.84   178.87066
      26.86   195.00415
      26.88   219.71737
       26.9   248.97523
      26.92     278.224
      26.94   302.44476
      26.96   317.05491
      26.98   319.32277
        27.   308.56337
      27.02   286.16948
      27.04    255.8844
      27.06   223.23934
      27.08   194.21415
       27.1   174.02062
      27.12   165.96749
      27.14   170.88996
      27.16   187.61161
      27.18   213.23408
       27.2   243.50298
      27.22   273.56242
      27.24   298.61532
      27.26   314.85984
      27.28   320.24402
       27.3   314.24033
      27.32   297.77341
      27.34   273.71708
      27.36   246.45352
      27.38   220.72612
       27.4   200.99172
      27.42   190.74645
      27.44   191.55082
      27.46   202.79937
      27.48   222.03027
       27.5   245.40449
      27.52    268.6749
      27.54   288.07098
      27.56   300.63751
      27.58   304.53519
       27.6   299.35848
      27.62   286.19913
      27.64   267.57956
      27.66   247.00497
      27.68   228.22303
       27.7   214.46078
      27.72   207.81352
      27.74    209.0339
      27.76    217.5163
      27.78   231.33544
       27.8   247.52535
      27.82   262.71133
      27.84   273.83572
      27.86   278.79206
      27.88   276.85698
       27.9   268.78328
      27.92   256.57066
      27.94   242.87198
      27.96   230.42323
      27.98   221.60245
        28.   217.82956
      28.02   219.37147
      28.04   225.59159
      28.06   235.09102
      28.08   245.88713
       28.1   255.77592
      28.12   262.74696
      28.14    265.4633
      28.16   263.69124
      28.18   258.27954
       28.2   250.82855
      28.22   243.33177
      28.24   237.47296
      28.26   234.05209
      28.28    233.1434
       28.3   234.32442
      28.32   236.77373
      28.34   239.67242
      28.36   242.61463
      28.38   245.44046
       28.4   247.96277
      28.42    250.0098
      28.44   251.41855
      28.46   252.04472
      28.48   251.84571
       28.5   250.94579
      28.52   249.67712
      28.54   248.43132
      28.56   247.39208
      28.58   246.48473
       28.6   245.63406
      28.62   245.08069
      28.64   245.29908
      28.66   246.71308
      28.68   249.47676
       28.7   253.13966
      28.72   256.73361
      28.74   259.18943
      28.76   259.50929
      28.78   256.97041
       28.8   251.41444
      28.82   243.41247
      28.84   234.20354
      28.86   225.41425
      28.88   218.79849
       28.9   215.87268
      28.92   217.43359
      28.94   223.44208
      28.96   233.14906
      28.98   245.20517
        29.   257.79937
      29.02   268.89234
      29.04    276.6215
      29.06   279.67909
      29.08   277.61168
       29.1   270.98246
      29.12   261.19772
      29.14   250.20025
      29.16   240.07646
      29.18   232.53337
       29.2   228.59548
      29.22   228.39536
      29.24   231.23318
      29.26   236.05552
      29.28   241.67368
       29.3   246.98463
      29.32   251.22257
      29.34   253.90104
      29.36   254.69634
      29.38   253.39985
       29.4   250.05226
      29.42   245.19424
      29.44   239.90799
      29.46    235.5004
      29.48   233.08353
       29.5   233.16091
      29.52   235.53051
      29.54   239.51879
      29.56   244.22903
      29.58    248.8574
       29.6   252.80766
      29.62   255.64975
      29.64   257.14616
      29.66   257.21589
      29.68   255.92517
       29.7   253.54108
      29.72   250.54916
      29.74   247.58185
      29.76   245.13357
      29.78    243.3293
       29.8   242.08331
      29.82    241.2716
      29.84   240.71556
      29.86   240.27095
      29.88    239.9674
       29.9   239.94881
      29.92   240.34183
      29.94   241.15915
      29.96   242.23148
      29.98   243.32246
        30.   244.27985
