 
 SAP2000 v18.2.0 File: FRAME  N, mm, C Units  PAGE 1
 m/d/yy h:mm:ss
 
 T I M E   H I S T O R Y   D A T A 
 
 CASE  NLDHIST_4g
 FUNCTION  Joint2-1:  Joint 2  Displacement  UX    
 
       TIME    FUNCTION
               Joint2-1
         0.     0.09637
       0.02     0.21419
       0.04     0.65578
       0.06     1.42808
       0.08     2.36255
        0.1     3.32022
       0.12     4.21714
       0.14     4.95476
       0.16     5.37754
       0.18     5.33166
        0.2     4.75555
       0.22     3.77936
       0.24     2.72953
       0.26     1.96102
       0.28     1.66096
        0.3     1.80831
       0.32     2.25921
       0.34     2.80425
       0.36      3.2062
       0.38     3.30567
        0.4      3.1675
       0.42     3.05084
       0.44     3.18234
       0.46     3.47195
       0.48     3.48498
        0.5     2.74943
       0.52     1.26328
       0.54    -0.32304
       0.56    -1.33007
       0.58    -1.39919
        0.6    -0.31873
       0.62     1.96831
       0.64      5.2279
       0.66     8.75573
       0.68    11.63764
        0.7    13.23979
       0.72    13.24425
       0.74    11.52476
       0.76     8.09178
       0.78     3.12772
        0.8    -2.93897
       0.82    -9.36292
       0.84   -15.22148
       0.86   -19.81984
       0.88   -22.75446
        0.9   -23.64285
       0.92   -22.15361
       0.94   -18.26668
       0.96   -12.39773
       0.98    -5.54592
         1.     0.79638
       1.02      5.1073
       1.04      6.1855
       1.06     3.40244
       1.08    -2.94601
        1.1   -11.56865
       1.12   -20.49432
       1.14   -27.64495
       1.16   -31.18381
       1.18    -29.1513
        1.2    -20.0356
       1.22    -4.49841
       1.24    14.40725
       1.26    32.57897
       1.28    45.95135
        1.3    51.36466
       1.32    47.18403
       1.34    33.47045
       1.36    11.93159
       1.38   -14.53304
        1.4   -42.28648
       1.42   -68.14517
       1.44   -90.60377
       1.46  -108.90374
       1.48  -122.09466
        1.5  -129.41702
       1.52   -130.5633
       1.54  -125.75485
       1.56  -115.91794
       1.58  -102.92864
        1.6   -89.64417
       1.62   -78.07023
       1.64   -66.53589
       1.66   -51.58393
       1.68   -32.74294
        1.7   -12.50831
       1.72     6.71369
       1.74    23.76622
       1.76    38.32526
       1.78    50.35306
        1.8    59.96377
       1.82    67.16377
       1.84    71.29193
       1.86    71.23455
       1.88     66.0672
        1.9    55.40481
       1.92    39.63536
       1.94    19.93289
       1.96    -1.92877
       1.98   -23.79467
         2.   -43.73147
       2.02   -61.14689
       2.04   -77.13486
       2.06   -93.50365
       2.08  -111.88954
        2.1    -133.511
       2.12  -159.31397
       2.14  -189.25203
       2.16  -221.35585
       2.18  -249.46422
        2.2  -263.48971
       2.22  -257.80005
       2.24  -234.24988
       2.26   -198.3554
       2.28  -158.33148
        2.3  -122.21296
       2.32   -94.41919
       2.34   -76.85765
       2.36    -71.1324
       2.38   -78.42346
        2.4   -98.68517
       2.42  -128.49046
       2.44  -156.99689
       2.46  -172.06978
       2.48  -169.84728
        2.5  -152.43663
       2.52  -124.91973
       2.54   -94.87162
       2.56    -68.8068
       2.58   -47.67328
        2.6   -28.83696
       2.62    -11.4857
       2.64      3.8698
       2.66    16.59497
       2.68    25.66241
        2.7     29.9991
       2.72    28.64938
       2.74    21.05535
       2.76     7.55878
       2.78   -10.39287
        2.8   -30.02009
       2.82   -47.10358
       2.84     -57.129
       2.86   -57.01625
       2.88   -46.45833
        2.9   -27.93004
       2.92     -5.6052
       2.94    15.56021
       2.96    30.76618
       2.98    36.54756
         3.    31.40918
       3.02    16.66593
       3.04    -3.27998
       3.06   -23.76034
       3.08   -41.60797
        3.1    -54.5249
       3.12   -61.28437
       3.14   -61.93354
       3.16    -57.6283
       3.18    -50.3129
        3.2    -40.8435
       3.22   -28.71198
       3.24   -15.37076
       3.26    -4.19666
       3.28     1.66088
        3.3    -0.19513
       3.32   -10.87867
       3.34   -26.70868
       3.36   -38.67576
       3.38   -41.30702
        3.4   -35.31594
       3.42   -23.50746
       3.44   -10.20395
       3.46     2.13168
       3.48    14.92365
        3.5    28.25562
       3.52    39.54118
       3.54    46.69367
       3.56    48.33027
       3.58    43.42605
        3.6    31.91933
       3.62    15.94002
       3.64    -0.91554
       3.66   -15.79792
       3.68   -26.68806
        3.7   -32.30971
       3.72   -32.54652
       3.74   -28.36793
       3.76   -21.40673
       3.78   -12.97264
        3.8     -3.5893
       3.82     6.27796
       3.84    15.26259
       3.86    21.16181
       3.88    21.92673
        3.9    16.26287
       3.92      3.8696
       3.94   -14.39599
       3.96    -36.5279
       3.98   -57.98626
         4.    -72.3744
       4.02   -76.18575
       4.04   -69.71315
       4.06   -54.31532
       4.08   -31.99603
        4.1    -6.51094
       4.12    16.98448
       4.14    33.61958
       4.16    39.94749
       4.18    34.36802
        4.2    17.12151
       4.22    -9.67626
       4.24   -42.26234
       4.26   -76.11675
       4.28  -107.88023
        4.3  -136.56721
       4.32   -162.1816
       4.34  -183.86159
       4.36  -197.43001
       4.38  -197.55702
        4.4  -183.95449
       4.42  -160.28031
       4.44  -130.28321
       4.46   -97.11548
       4.48   -62.63762
        4.5   -27.43991
       4.52     7.66845
       4.54     41.2654
       4.56    71.54552
       4.58     96.2784
        4.6    113.0084
       4.62    119.1099
       4.64   112.28471
       4.66    91.79216
       4.68    61.80078
        4.7    31.37174
       4.72     7.63933
       4.74    -7.04931
       4.76   -13.13516
       4.78   -12.55459
        4.8     -7.7659
       4.82    -1.74227
       4.84     3.50421
       4.86    11.41034
       4.88    27.65503
        4.9    51.89313
       4.92    79.31259
       4.94   104.52382
       4.96   124.22935
       4.98   139.82091
         5.   153.50006
       5.02   165.07257
       5.04   173.59006
       5.06   177.95927
       5.08   176.94218
        5.1   169.73086
       5.12   156.75337
       5.14   140.86354
       5.16   126.40247
       5.18   116.59163
        5.2   113.01702
       5.22   115.71961
       5.24    123.0077
       5.26   132.04757
       5.28   140.65474
        5.3   149.41692
       5.32   158.69698
       5.34   166.16791
       5.36   169.27425
       5.38   166.13071
        5.4   155.68322
       5.42   138.20752
       5.44   115.40836
       5.46    90.95713
       5.48    70.12646
        5.5    57.43996
       5.52    54.55657
       5.54    60.61713
       5.56    73.29519
       5.58    89.09065
        5.6   103.89977
       5.62   113.87815
       5.64   116.11598
       5.66   110.07946
       5.68    98.62285
        5.7    86.32126
       5.72    76.88967
       5.74    72.17002
       5.76    72.55411
       5.78    77.87838
        5.8    87.94996
       5.82   101.98293
       5.84   117.92714
       5.86   133.03861
       5.88   144.83592
        5.9    151.3425
       5.92    151.1789
       5.94   143.89966
       5.96   130.06216
       5.98   111.21443
         6.    90.41052
       6.02    72.18801
       6.04    61.16799
       6.06    60.09006
       6.08    68.58926
        6.1    84.08546
       6.12   103.61248
       6.14   124.21439
       6.16   142.29118
       6.18   154.15461
        6.2   157.15132
       6.22   150.17694
       6.24    134.4827
       6.26   113.76699
       6.28    92.63381
        6.3    75.09616
       6.32    63.99328
       6.34    60.99882
       6.36    66.72404
       6.38    80.33227
        6.4    99.31832
       6.42   120.09253
       6.44   138.75662
       6.46   152.00852
       6.48   158.07875
        6.5   156.77771
       6.52   148.73687
       6.54   135.18391
       6.56   118.29826
       6.58   100.92052
        6.6    85.85574
       6.62    75.21976
       6.64    70.59923
       6.66    73.17843
       6.68    82.66643
        6.7    97.24996
       6.72   114.38917
       6.74   131.08836
       6.76   144.26324
       6.78   151.30257
        6.8   150.57026
       6.82   141.70748
       6.84   125.54226
       6.86   104.03745
       6.88    81.16763
        6.9    62.70994
       6.92     53.3192
       6.94    54.56833
       6.96    65.53685
       6.98     83.7767
         7.   106.29122
       7.02   130.01387
       7.04   151.50409
       7.06     167.076
       7.08   173.89155
        7.1   170.68901
       7.12   157.60578
       7.14   136.34548
       7.16   110.70879
       7.18    86.14352
        7.2    67.95742
       7.22    59.45326
       7.24    61.64426
       7.26    73.96199
       7.28    94.08758
        7.3   117.98308
       7.32   140.92922
       7.34   158.46813
       7.36   167.17762
       7.38   165.67772
        7.4   154.84552
       7.42   136.77722
       7.44   114.13056
       7.46    90.21476
       7.48    69.18413
        7.5    55.28124
       7.52    51.04718
       7.54    56.86801
       7.56    71.49345
       7.58    92.06223
        7.6   114.46413
       7.62   134.21817
       7.64   147.25722
       7.66    150.8109
       7.68   144.30331
        7.7   129.23377
       7.72   108.34257
       7.74    84.89635
       7.76    62.87779
       7.78     46.5638
        7.8    38.75508
       7.82    40.79818
       7.84    52.92848
       7.86    73.51631
       7.88    99.19831
        7.9   125.61241
       7.92   148.22221
       7.94   163.70387
       7.96   170.44614
       7.98   167.42315
         8.   155.01141
       8.02   136.39945
       8.04   116.04757
       8.06    97.77016
       8.08    84.53037
        8.1    78.45307
       8.12    80.36757
       8.14    89.73198
       8.16   104.71291
       8.18    122.5194
        8.2   140.07501
       8.22   154.39042
       8.24   162.84505
       8.26   163.62756
       8.28   156.07709
        8.3   140.88449
       8.32   120.20145
       8.34    97.40725
       8.36    76.45567
       8.38    60.97661
        8.4    53.39326
       8.42    54.62219
       8.44    64.39889
       8.46    81.18553
       8.48   102.01331
        8.5    122.9275
       8.52   141.11401
       8.54   156.34627
       8.56   168.55241
       8.58   176.88008
        8.6   180.80637
       8.62   179.86149
       8.64   173.68439
       8.66   162.61267
       8.68   147.81455
        8.7   131.08515
       8.72   114.59498
       8.74   100.66231
       8.76     91.6714
       8.78    89.40181
        8.8    93.94011
       8.82   103.78024
       8.84    116.8527
       8.86   130.70114
       8.88   142.17996
        8.9   148.05529
       8.92   145.98012
       8.94   134.84543
       8.96    115.9061
       8.98    95.71818
         9.    82.55825
       9.02    79.58497
       9.04    86.36766
       9.06   102.04512
       9.08   124.74792
        9.1    150.4341
       9.12   174.14176
       9.14   192.10506
       9.16   201.78459
       9.18   201.10314
        9.2   188.47074
       9.22   163.64673
       9.24   129.87138
       9.26    94.72286
       9.28    64.99455
        9.3    43.25722
       9.32    30.78276
       9.34    29.09996
       9.36    39.20415
       9.38    60.58422
        9.4    90.38805
       9.42   123.20076
       9.44   152.45726
       9.46   173.28468
       9.48   183.01065
        9.5   179.54211
       9.52   161.66236
       9.54   133.11223
       9.56   102.31756
       9.58    76.26916
        9.6    58.77783
       9.62    51.11422
       9.64    52.50354
       9.66     61.0244
       9.68    75.15806
        9.7    94.67028
       9.72   117.53225
       9.74   139.12603
       9.76   155.03748
       9.78   162.17253
        9.8   158.77053
       9.82   144.66007
       9.84   121.51422
       9.86    92.82748
       9.88    63.70457
        9.9    39.43593
       9.92    23.48428
       9.94    17.22726
       9.96    21.13995
       9.98    35.14277
        10.    56.89493
      10.02    81.41021
      10.04   102.90606
      10.06   117.00417
      10.08   122.01548
       10.1   117.86181
      10.12   105.51374
      10.14     87.6563
      10.16    68.21111
      10.18    51.07687
       10.2    39.14747
      10.22    34.03498
      10.24     35.8242
      10.26    42.93649
      10.28    52.66349
       10.3    61.86701
      10.32    68.36142
      10.34    72.14191
      10.36    74.75656
      10.38    77.49822
       10.4    80.27168
      10.42    83.07927
      10.44     86.8928
      10.46    91.54632
      10.48    95.20179
       10.5    95.79113
      10.52    91.87431
      10.54    83.06764
      10.56    70.39553
      10.58    56.50984
       10.6    44.80232
      10.62    38.10373
      10.64    38.16632
      10.66    45.22231
      10.68    58.04915
       10.7    74.72034
      10.72    92.94518
      10.74   110.12686
      10.76   123.28277
      10.78   129.49735
       10.8   126.84833
      10.82   114.92469
      10.84    95.47354
      10.86    72.11588
      10.88    49.27536
       10.9    31.58249
      10.92    22.47082
      10.94    22.87272
      10.96    31.58032
      10.98     45.8851
        11.    62.30704
      11.02    77.96362
      11.04    91.27052
      11.06   101.47361
      11.08   107.89214
       11.1   109.51331
      11.12   105.50119
      11.14    95.87674
      11.16    81.55115
      11.18    64.50725
       11.2    48.33855
      11.22    37.31079
      11.24    34.54254
      11.26    41.20533
      11.28    56.18342
       11.3    76.46369
      11.32    98.04092
      11.34   116.64434
      11.36   128.64153
      11.38   132.22348
       11.4   127.70946
      11.42   116.87832
      11.44   102.63413
      11.46    88.02999
      11.48    75.27508
       11.5    65.92009
      11.52    60.94841
      11.54    60.61158
      11.56    64.34705
      11.58    70.77443
       11.6    77.89396
      11.62    83.53216
      11.64    85.82175
      11.66    83.58059
      11.68    76.53426
       11.7    65.31049
      11.72    51.39541
      11.74      36.942
      11.76    24.24444
      11.78    14.92884
       11.8     9.25365
      11.82     6.39548
      11.84     5.28668
      11.86     6.01489
      11.88     10.7328
       11.9    21.80445
      11.92    39.91371
      11.94    63.43035
      11.96    88.60643
      11.98   111.44757
        12.   129.57018
      12.02   142.36531
      12.04   149.66475
      12.06   151.00809
      12.08   146.03973
       12.1   135.31629
      12.12   120.79175
      12.14   105.24153
      12.16    91.52733
      12.18    82.09241
       12.2      78.582
      12.22    81.60518
      12.24    90.19873
      12.26   101.39617
      12.28   111.36128
       12.3   117.28511
      12.32    117.5544
      12.34   111.71286
      12.36   101.13471
      12.38     87.9472
       12.4    73.94663
      12.42    61.18591
      12.44    52.15042
      12.46    49.01618
      12.48     52.8054
       12.5    62.64161
      12.52    76.22894
      12.54    91.18125
      12.56   104.96354
      12.58   115.08559
       12.6    120.2161
      12.62   120.04732
      12.64   115.08672
      12.66   106.68867
      12.68    96.40615
       12.7    85.77446
      12.72     76.4538
      12.74    70.26074
      12.76    68.89669
      12.78    73.05623
       12.8    81.73939
      12.82    92.58169
      12.84   102.68104
      12.86   109.47742
      12.88    111.4184
       12.9   108.08499
      12.92   100.12637
      12.94    89.32952
      12.96    78.22069
      12.98     68.9678
        13.    62.92063
      13.02     60.6907
      13.04    62.18417
      13.06    66.80696
      13.08    73.35247
       13.1    80.14106
      13.12    85.59877
      13.14    89.12532
      13.16    91.58753
      13.18    94.05493
       13.2    97.02705
      13.22   100.72605
      13.24   104.89471
      13.26   108.69819
      13.28   111.13941
       13.3   111.25973
      13.32   107.91853
      13.34   101.31391
      13.36     93.8711
      13.38    87.64657
       13.4    83.00104
      13.42    79.59664
      13.44    77.57266
      13.46    78.64302
      13.48     84.7298
       13.5    95.11349
      13.52   106.70071
      13.54   116.34122
      13.56   121.95987
      13.58   122.93489
       13.6   119.73442
      13.62   113.22322
      13.64   104.57426
      13.66    95.23483
      13.68    86.54037
       13.7    79.59901
      13.72    75.26402
      13.74    73.72894
      13.76    74.61608
      13.78    76.76334
       13.8    78.45226
      13.82    79.63224
      13.84    82.31941
      13.86    88.67352
      13.88    99.29395
       13.9   112.46308
      13.92   125.25142
      13.94   134.64782
      13.96   138.11703
      13.98   134.25989
        14.   123.13668
      14.02   105.96984
      14.04    85.53126
      14.06    66.75511
      14.08    54.41693
       14.1    51.23777
      14.12    58.08845
      14.14     73.4779
      14.16    93.58022
      14.18   113.02501
       14.2   126.45208
      14.22    130.0151
      14.24   121.87883
      14.26   103.09185
      14.28    77.87241
       14.3    52.50912
      14.32    33.18682
      14.34    23.66866
      14.36    24.71671
      14.38     35.0076
       14.4    51.66765
      14.42    70.91318
      14.44    89.61698
      14.46   105.52779
      14.48   116.60911
       14.5   121.14117
      14.52   118.09657
      14.54   107.97654
      14.56    93.00894
      14.58    76.31605
       14.6    61.41328
      14.62     51.7454
      14.64    49.49188
      14.66    54.56398
      14.68    65.06179
       14.7    78.27275
      14.72    91.20553
      14.74   101.15973
      14.76   106.14009
      14.78   104.86704
       14.8    97.43352
      14.82    86.42621
      14.84     75.6261
      14.86    67.31153
      14.88    62.08872
       14.9    59.81085
      14.92    59.77161
      14.94    61.49984
      14.96     65.2259
      14.98    71.20088
        15.    78.79641
      15.02    86.10111
      15.04    90.73948
      15.06    90.79086
      15.08    85.55362
       15.1    76.34468
      15.12    66.02569
      15.14    57.70853
      15.16    53.67712
      15.18    54.88244
       15.2    60.93018
      15.22    70.26077
      15.24    80.51933
      15.26    89.58273
      15.28    96.43908
       15.3   100.86965
      15.32   102.74487
      15.34    101.6138
      15.36    97.03343
      15.38    89.07284
       15.4    78.84817
      15.42    68.44802
      15.44    59.55997
      15.46    53.01112
      15.48    49.13786
       15.5    48.04003
      15.52    49.91871
      15.54     54.7835
      15.56    61.84677
      15.58    69.41876
       15.6    75.61733
      15.62    79.68359
      15.64    82.37199
      15.66    84.90818
      15.68    88.14303
       15.7    91.88219
      15.72    94.82081
      15.74    95.57724
      15.76    93.28117
      15.78    88.10056
       15.8    81.59913
      15.82    75.87803
      15.84    72.34948
      15.86    71.27995
      15.88    72.16175
       15.9    74.07441
      15.92     76.1866
      15.94    78.25566
      15.96    80.34414
      15.98    82.57062
        16.    85.06709
      16.02    87.38101
      16.04    88.39525
      16.06    87.04945
      16.08    82.73344
       16.1    75.48753
      16.12    66.19235
      16.14    56.70245
      16.16    49.71225
      16.18     48.3549
       16.2    54.60867
      16.22    67.50321
      16.24    83.87696
      16.26    99.84026
      16.28    111.4412
       16.3   115.76698
      16.32   112.08381
      16.34   101.32156
      16.36    85.19498
      16.38    66.49746
       16.4    48.78768
      16.42    35.38633
      16.44    28.73161
      16.46     30.1703
      16.48    39.90949
       16.5    56.88222
      16.52    78.61064
      16.54   101.18293
      16.56    120.0255
      16.58   131.16633
       16.6   132.50057
      16.62    124.4986
      16.64   109.36094
      16.66    90.18536
      16.68    70.52145
       16.7    53.64295
      16.72    42.26747
      16.74     38.2562
      16.76    42.05323
      16.78    52.58792
       16.8    67.92505
      16.82    85.55809
      16.84   102.13607
      16.86    113.9234
      16.88   117.70233
       16.9   111.59705
      16.92    95.99806
      16.94    73.75169
      16.96     49.4058
      16.98    28.30594
        17.    14.89685
      17.02    11.40801
      17.04    18.20724
      17.06    33.88087
      17.08    55.24385
       17.1    78.03759
      17.12    97.76362
      17.14   110.85286
      17.16   115.52939
      17.18   111.79659
       17.2    101.2121
      17.22     86.5637
      17.24    70.97105
      17.26    57.01074
      17.28    46.58537
       17.3     40.8727
      17.32    40.17151
      17.34    44.27365
      17.36    52.77859
      17.38    64.77941
       17.4    78.50147
      17.42    91.43693
      17.44   101.08296
      17.46    105.7751
      17.48   105.01447
       17.5    99.22358
      17.52    89.44465
      17.54    77.24988
      17.56    64.55048
      17.58    53.33894
       17.6    45.33103
      17.62    41.56355
      17.64    41.75277
      17.66    44.26184
      17.68    47.35739
       17.7    50.01257
      17.72    51.81845
      17.74    52.95972
      17.76    54.36008
      17.78    56.98046
       17.8    61.03255
      17.82    66.03736
      17.84    70.95743
      17.86    74.61936
      17.88    76.17402
       17.9     75.1879
      17.92    71.65311
      17.94    66.24132
      17.96    60.34625
      17.98    55.46375
        18.    52.47354
      18.02    51.55779
      18.04    52.58144
      18.06    55.38534
      18.08    59.91362
       18.1    65.87265
      18.12    72.21799
      18.14     77.2803
      18.16    79.67735
      18.18      79.181
       18.2    76.64511
      18.22    73.19435
      18.24    69.43662
      18.26    65.54339
      18.28    61.82587
       18.3    58.75026
      18.32    56.72177
      18.34    56.00024
      18.36    56.61014
      18.38    58.29505
       18.4    60.57407
      18.42    62.85797
      18.44    64.55756
      18.46    65.19328
      18.48    64.47818
       18.5    62.36774
      18.52    59.01906
      18.54     54.8917
      18.56    50.97596
      18.58     48.5262
       18.6    48.61271
      18.62    51.80226
      18.64    57.61401
      18.66    64.68043
      18.68    71.90061
       18.7    78.96847
      18.72    85.69059
      18.74    91.31672
      18.76    94.64805
      18.78    94.30817
       18.8    89.07589
      18.82    78.80435
      18.84    65.30882
      18.86    51.70411
      18.88    40.87378
       18.9    34.98947
      18.92    35.55957
      18.94    43.08015
      18.96    56.26116
      18.98      71.895
        19.    86.25326
      19.02    96.35063
      19.04   100.21574
      19.06    96.99752
      19.08    87.04459
       19.1    71.87176
      19.12    54.24631
      19.14    38.07122
      19.16    27.31379
      19.18    24.53566
       19.2    30.28471
      19.22    43.43236
      19.24    61.64128
      19.26    81.61822
      19.28    99.44505
       19.3    111.2863
      19.32    114.2018
      19.34   106.96522
      19.36    90.79785
      19.38    69.06463
       19.4     46.2576
      19.42    27.08852
      19.44    15.53971
      19.46    14.04192
      19.48    22.74962
       19.5    39.37579
      19.52    59.95531
      19.54    79.78083
      19.56    94.71534
      19.58   102.52913
       19.6    102.8446
      19.62    96.44964
      19.64     85.1331
      19.66     71.4626
      19.68    58.20892
       19.7    47.87891
      19.72     42.3902
      19.74    42.82211
      19.76      49.227
      19.78    60.40473
       19.8    74.15364
      19.82    87.86594
      19.84    98.80574
      19.86   104.49646
      19.88   103.40582
       19.9     95.4988
      19.92    82.32888
      19.94    66.57491
      19.96    51.27097
      19.98    38.85819
        20.    30.67817
      20.02    27.05298
      20.04    27.61739
      20.06    31.72293
      20.08    38.46332
       20.1    46.73677
      20.12    55.48272
      20.14    63.81766
      20.16     71.2373
      20.18    77.60956
       20.2     82.7846
      20.22    86.44744
      20.24    88.23195
      20.26     87.8041
      20.28    85.01253
       20.3    79.81311
      20.32    72.19642
      20.34    62.45823
      20.36     51.4273
      20.38    40.64734
       20.4    32.35229
      20.42    28.69739
      20.44    31.01252
      20.46     39.6353
      20.48    53.81232
       20.5    71.26344
      20.52    88.28424
      20.54   100.92537
      20.56   105.99377
      20.58   101.71748
       20.6    88.44294
      20.62    68.78032
      20.64    46.93387
      20.66    27.71289
      20.68    15.54361
       20.7      13.581
      20.72    23.04573
      20.74    43.02036
      20.76    70.45351
      20.78    100.2398
       20.8   126.40389
      20.82   144.17589
      20.84   151.00381
      20.86   145.87348
      20.88   129.21462
       20.9   104.00499
      20.92    75.30705
      20.94    48.59394
      20.96    28.31586
      20.98    16.89187
        21.    15.43661
      21.02    24.19839
      21.04    41.43858
      21.06    63.50187
      21.08    85.85146
       21.1   103.83032
      21.12   113.63354
      21.14   113.20108
      21.16   102.81657
      21.18    85.08412
       21.2    64.01925
      21.22    44.11865
      21.24    29.57892
      21.26    23.42816
      21.28    27.03774
       21.3      40.057
      21.32    60.30406
      21.34    83.95087
      21.36   106.40837
      21.38   123.31212
       21.4   131.62662
      21.42    130.2656
      21.44   119.66874
      21.46   101.60694
      21.48    79.11791
       21.5    55.98896
      21.52    36.23319
      21.54    23.52766
      21.56    20.34708
      21.58    27.42774
       21.6    43.77926
      21.62    66.63053
      21.64    91.75612
      21.66   114.55143
      21.68   131.18914
       21.7   139.57863
      21.72    139.4601
      21.74    131.6431
      21.76   117.73535
      21.78   100.06322
       21.8     80.9854
      21.82    62.52832
      21.84    46.77744
      21.86    35.60847
      21.88    30.28641
       21.9     31.6182
      21.92    39.62277
      21.94    53.12315
      21.96    69.83313
      21.98    86.80532
        22.   101.42501
      22.02   112.15603
      22.04   118.28185
      22.06   119.52473
      22.08   115.68452
       22.1   106.77474
      22.12    93.58514
      22.14    77.60668
      22.16    60.87236
      22.18    45.99285
       22.2    35.80449
      22.22    32.55563
      22.24    37.26151
      22.26     49.4557
      22.28    67.13102
       22.3     87.0411
      22.32   105.45189
      22.34   118.93238
      22.36   125.04296
      22.38   122.85229
       22.4   112.99646
      22.42    97.47206
      22.44    79.24097
      22.46    61.59139
      22.48     47.6104
       22.5    39.87948
      22.52    40.08526
      22.54    48.65225
      22.56    64.60368
      22.58    85.67846
       22.6   108.17514
      22.62   127.14694
      22.64   138.12141
      22.66   138.40313
      22.68   127.24759
       22.7   106.14093
      22.72    78.84956
      22.74    50.59458
      22.76    26.54418
      22.78    10.14986
       22.8     2.54724
      22.82     3.80999
      22.84    13.71074
      22.86     31.1175
      22.88    53.66571
       22.9    77.80013
      22.92    99.24803
      22.94    114.2086
      22.96   120.37367
      22.98   117.15849
        23.   105.50541
      23.02    87.72768
      23.04    67.20947
      23.06    47.63025
      23.08    32.18968
       23.1    23.07562
      23.12    21.07653
      23.14     25.8741
      23.16    36.49379
      23.18    51.08571
       23.2    67.04191
      23.22    81.59358
      23.24    92.21309
      23.26    97.08549
      23.28    95.51875
       23.3    88.15626
      23.32    76.89351
      23.34    64.39891
      23.36    53.42516
      23.38    45.97063
       23.4    42.91784
      23.42    44.22254
      23.44    49.03029
      23.46    55.89974
      23.48    63.29542
       23.5    69.84361
      23.52    74.45686
      23.54    76.66085
      23.56    76.66171
      23.58    74.98989
       23.6    71.84896
      23.62    66.97256
      23.64    60.47458
      23.66    53.48861
      23.68    47.79529
       23.7    45.07098
      23.72     46.1463
      23.74    50.55436
      23.76    56.91577
      23.78    63.49426
       23.8     68.4949
      23.82    70.55519
      23.84    69.51612
      23.86    66.49965
      23.88     63.2328
       23.9    61.33404
      23.92    61.38101
      23.94    62.80027
      23.96    64.45639
      23.98    65.15832
        24.    64.49823
      24.02    62.98997
      24.04     61.4987
      24.06    61.02896
      24.08    62.51596
       24.1    66.54365
      24.12    72.86527
      24.14    79.82197
      24.16     84.8751
      24.18     85.6475
       24.2    80.46137
      24.22    68.78234
      24.24    51.85539
      24.26    33.22028
      24.28     17.7799
       24.3    10.03743
      24.32    13.16014
      24.34    28.38593
      24.36    53.82777
      24.38    84.21742
       24.4   112.74297
      24.42   133.49604
      24.44   143.01397
      24.46   140.26181
      24.48   126.33929
       24.5    104.3148
      24.52    78.44056
      24.54    53.12073
      24.56    32.19308
      24.58    18.06307
       24.6    11.44499
      24.62    12.32631
      24.64    20.15535
      24.66    33.32847
      24.68     49.3683
       24.7    65.57674
      24.72    79.71037
      24.74    90.33596
      24.76    96.62764
      24.78    98.16891
       24.8    95.08767
      24.82    88.15595
      24.84    78.87134
      24.86    69.41457
      24.88    62.04196
       24.9    58.42609
      24.92    59.45581
      24.94    64.79136
      24.96    72.51083
      24.98    79.77682
        25.     83.8934
      25.02    83.12945
      25.04    77.29587
      25.06    67.74903
      25.08    56.70985
       25.1    46.23534
      25.12    37.56537
      25.14    31.47775
      25.16    28.99302
      25.18    31.21437
       25.2    38.51571
      25.22    50.11802
      25.24    64.24314
      25.26    78.80598
      25.28      91.896
       25.3    101.7363
      25.32   106.93327
      25.34   107.09275
      25.36    102.7163
      25.38    94.11873
       25.4    81.33573
      25.42    65.02415
      25.44    46.75126
      25.46    28.91397
      25.48     14.6132
       25.5     6.66538
      25.52     6.34147
      25.54    13.22915
      25.56    25.60028
      25.58    40.74131
       25.6    55.48846
      25.62    66.87657
      25.64    72.77653
      25.66     72.3692
      25.68    66.68577
       25.7    58.71273
      25.72    52.36345
      25.74    51.19115
      25.76    56.48226
      25.78    66.21299
       25.8    76.60726
      25.82    83.63132
      25.84    84.10394
      25.86    77.23473
      25.88    64.92487
       25.9    50.59826
      25.92     38.1799
      25.94    30.96945
      25.96    30.17175
      25.98    34.90049
        26.    42.97644
      26.02    51.31092
      26.04    56.97984
      26.06    58.36654
      26.08    55.36068
       26.1     49.0661
      26.12    41.32345
      26.14    34.20746
      26.16    29.73935
      26.18    29.89971
       26.2    36.23754
      26.22    49.31045
      26.24    68.45261
      26.26     91.2528
      26.28    113.7175
       26.3   132.14422
      26.32   144.42193
      26.34   149.42173
      26.36   146.51946
      26.38   136.06492
       26.4   119.63731
      26.42    99.73373
      26.44    79.49611
      26.46    62.30611
      26.48     50.9862
       26.5    47.26093
      26.52    51.47908
      26.54    62.62862
      26.56    78.76812
      26.58    97.22272
       26.6   114.77356
      26.62   128.28086
      26.64   135.21866
      26.66   134.04078
      26.68   124.54339
       26.7   107.94323
      26.72    86.70477
      26.74    64.26803
      26.76    44.61898
      26.78    31.32419
       26.8     26.5388
      26.82    30.99369
      26.84    44.09063
      26.86    63.65549
      26.88    86.26931
       26.9   108.11694
      26.92   125.56931
      26.94   135.44349
      26.96   135.58249
      26.98   125.51616
        27.   106.73001
      27.02    82.49551
      27.04    57.25625
      27.06    35.92796
      27.08    22.64282
       27.1     19.5765
      27.12    26.96953
      27.14    43.25875
      27.16    65.23281
      27.18    88.83006
       27.2   109.97008
      27.22   125.08707
      27.24   131.82563
      27.26   129.41274
      27.28   118.39649
       27.3   100.59615
      27.32    79.13154
      27.34    58.01689
      27.36    41.29895
      27.38     32.1377
       27.4    32.31749
      27.42    41.95328
      27.44    59.21752
      27.46    80.60522
      27.48   101.74039
       27.5   118.32756
      27.52   127.12027
      27.54   126.68232
      27.56   117.42643
      27.58   101.22861
       27.6    81.17561
      27.62    61.05484
      27.64    44.69479
      27.66     35.3507
      27.68    34.96864
       27.7    43.63535
      27.72    59.59303
      27.74    79.66515
      27.76       99.89
      27.78   116.23393
       27.8   125.21096
      27.82   124.60694
      27.84   114.07314
      27.86    95.26444
      27.88    71.62382
       27.9    47.77606
      27.92    28.57385
      27.94    17.80705
      27.96    17.42034
      27.98     27.5106
        28.    46.14416
      28.02     69.6217
      28.04    93.39367
      28.06   112.90041
      28.08   124.35376
       28.1   125.41842
      28.12   115.66966
      28.14    96.75967
      28.16    72.29615
      28.18    47.19554
       28.2    26.60529
      28.22    14.73232
      28.24    13.71825
      28.26    23.25013
      28.28    41.00986
       28.3    63.21888
      28.32    85.27831
      28.34   102.86548
      28.36   112.98515
      28.38   114.23641
       28.4    106.7619
      28.42    92.21555
      28.44    73.41377
      28.46    53.82208
      28.48      36.982
       28.5     25.9426
      28.52    22.79151
      28.54     28.1907
      28.56    41.07684
      28.58    58.84453
       28.6    78.06309
      28.62    95.40598
      28.64   108.19794
      28.66   114.67873
      28.68   114.15872
       28.7   106.81545
      28.72    93.66297
      28.74    76.61471
      28.76    58.13121
      28.78    40.81947
       28.8    27.13829
      28.82    19.10953
      28.84    18.00151
      28.86    24.03796
      28.88    36.38271
       28.9    53.22413
      28.92    71.87239
      28.94    89.25816
      28.96   102.59301
      28.98   109.84021
        29.   109.97758
      29.02   103.09664
      29.04    90.44166
      29.06    74.25119
      29.08    57.44265
       29.1    43.18397
      29.12    34.25556
      29.14    32.49185
      29.16    38.39524
      29.18    50.88261
       29.2    67.47048
      29.22    84.68476
      29.24    98.76224
      29.26   106.67771
      29.28   106.71243
       29.3    98.76823
      29.32    84.44009
      29.34    66.53627
      29.36    48.37522
      29.38     33.0917
       29.4    23.18106
      29.42    20.32227
      29.44    25.22271
      29.46    37.36693
      29.48    54.91913
       29.5    74.83039
      29.52    93.37359
      29.54   107.00847
      29.56   113.13991
      29.58   110.73349
       29.6   100.46558
      29.62    84.44959
      29.64    65.80679
      29.66    48.02775
      29.68    34.32779
       29.7    27.14577
      29.72    27.77744
      29.74      36.168
      29.76    50.75726
      29.78    68.61651
       29.8    86.16192
      29.82    99.95584
      29.84   107.27555
      29.86   106.65022
      29.88    98.22367
       29.9    83.65981
      29.92    65.72918
      29.94    47.72956
      29.96    32.82937
      29.98    23.59111
        30.    21.63058
