 
 SAP2000 v18.2.0 File: FRAME  N, mm, C Units  PAGE 1
 m/d/yy h:mm:ss
 
 T I M E   H I S T O R Y   D A T A 
 
 CASE  NLDHIST_1g
 FUNCTION  Joint2-1:  Joint 2  Displacement  UX    
 
       TIME    FUNCTION
               Joint2-1
         0.     0.09708
       0.02     0.12663
       0.04     0.23777
       0.06     0.43354
       0.08     0.67369
        0.1     0.92524
       0.12     1.16812
       0.14     1.37732
       0.16       1.512
       0.18     1.53006
        0.2     1.41098
       0.22     1.18146
       0.24     0.91792
       0.26     0.70637
       0.28     0.59472
        0.3     0.58299
       0.32     0.64373
       0.34     0.73451
       0.36     0.80502
       0.38     0.82135
        0.4     0.80128
       0.42     0.80675
       0.44     0.88832
       0.46     1.01568
       0.48     1.07158
        0.5     0.92896
       0.52     0.57819
       0.54     0.17437
       0.56    -0.11565
       0.58    -0.19847
        0.6    -0.01004
       0.62     0.48113
       0.64     1.23705
       0.66     2.10107
       0.68     2.85769
        0.7     3.35056
       0.72     3.48915
       0.74      3.2185
       0.76     2.50912
       0.78     1.37118
        0.8    -0.12041
       0.82    -1.80152
       0.84    -3.44783
       0.86    -4.87265
       0.88    -5.94294
        0.9    -6.51569
       0.92    -6.45238
       0.94    -5.69239
       0.96    -4.29333
       0.98    -2.47696
         1.    -0.61439
       1.02     0.88541
       1.04      1.6635
       1.06     1.48054
       1.08     0.31674
        1.1    -1.59371
       1.12    -3.82284
       1.14     -5.8759
       1.16    -7.26849
       1.18    -7.43391
        1.2    -5.87313
       1.22    -2.60327
       1.24     1.76068
       1.26     6.30783
       1.28    10.07208
        1.3    12.21721
       1.32    12.19807
       1.34     9.83731
       1.36     5.33661
       1.38    -0.78627
        1.4    -7.77943
       1.42   -14.76446
       1.44   -20.79604
       1.46   -24.84688
       1.48   -26.02276
        1.5   -23.94259
       1.52   -18.90516
       1.54    -11.7532
       1.56    -3.66709
       1.58     3.97253
        1.6     9.78066
       1.62    12.91209
       1.64    13.79012
       1.66    13.67941
       1.68     13.4032
        1.7    13.14088
       1.72    12.87941
       1.74       12.53
       1.76    12.04916
       1.78    11.50769
        1.8     11.0178
       1.82    10.64087
       1.84    10.27917
       1.86     9.71844
       1.88     8.75003
        1.9     7.20308
       1.92     4.94923
       1.94      1.9423
       1.96    -1.74923
       1.98     -5.9483
         2.   -10.39876
       2.02    -14.8031
       2.04   -18.87425
       2.06   -22.37567
       2.08   -25.11504
        2.1   -26.94609
       2.12   -27.80768
       2.14    -27.5669
       2.16   -25.87086
       2.18   -21.61432
        2.2   -13.13928
       2.22    -0.47912
       2.24    14.21674
       2.26    28.21217
       2.28    38.74729
        2.3    43.55661
       2.32    41.40905
       2.34    32.29321
       2.36    17.37175
       2.38    -1.22909
        2.4   -20.81565
       2.42   -38.21002
       2.44   -49.18928
       2.46   -50.21595
       2.48   -40.87762
        2.5    -23.2061
       2.52    -0.66024
       2.54    22.33127
       2.56    41.64695
       2.58    54.76044
        2.6    60.43446
       2.62    57.98499
       2.64    47.76704
       2.66    31.37146
       2.68    11.30826
        2.7    -9.33514
       2.72   -27.40294
       2.74   -40.19405
       2.76   -45.90462
       2.78   -43.91248
        2.8   -34.72935
       2.82   -19.75512
       2.84    -1.14515
       2.86    18.33552
       2.88    35.56715
        2.9     47.5931
       2.92     52.2737
       2.94    48.66462
       2.96     37.1617
       2.98    19.45096
         3.    -1.76216
       3.02   -22.93121
       3.04   -40.12947
       3.06   -50.27997
       3.08      -51.89
        3.1   -44.98162
       3.12   -31.03158
       3.14   -12.70956
       3.16     6.61335
       3.18    23.44807
        3.2    35.15367
       3.22    40.39941
       3.24     38.5575
       3.26     29.7479
       3.28    15.19376
        3.3     -3.0031
       3.32   -22.18072
       3.34   -38.73226
       3.36   -48.40492
       3.38    -48.8123
        3.4   -40.24574
       3.42   -24.62131
       3.44    -5.12976
       3.46    14.94873
       3.48    33.19314
        3.5    47.19798
       3.52    54.60025
       3.54    54.06446
       3.56    45.50231
       3.58     30.0869
        3.6    10.16007
       3.62   -10.93637
       3.64   -29.52457
       3.66   -42.59234
       3.68   -48.18114
        3.7   -45.59185
       3.72   -35.53578
       3.74   -19.98413
       3.76    -1.77185
       3.78    16.05432
        3.8    30.79944
       3.82    40.35797
       3.84    43.29647
       3.86    39.03585
       3.88    28.08668
        3.9    12.01668
       3.92    -6.81436
       3.94    -25.6215
       3.96   -41.61953
       3.98   -52.04568
         4.    -54.4712
       4.02   -48.05699
       4.04   -33.97222
       4.06    -14.6018
       4.08     7.00975
        4.1    27.33525
       4.12    42.87649
       4.14    50.91597
       4.16    49.97724
       4.18    40.05244
        4.2     22.6058
       4.22      0.3224
       4.24   -23.34143
       4.26   -44.73414
       4.28   -60.53833
        4.3   -68.34304
       4.32   -67.03719
       4.34   -56.74132
       4.36   -38.25823
       4.38   -13.40757
        4.4    13.93171
       4.42    38.89662
       4.44    57.53342
       4.46    67.45807
       4.48     67.9636
        4.5    59.64143
       4.52    43.87654
       4.54    22.95698
       4.56    -0.01196
       4.58    -21.7438
        4.6    -39.2427
       4.62   -50.24316
       4.64   -53.63885
       4.66   -49.53342
       4.68   -38.54961
        4.7   -21.66786
       4.72    -1.27984
       4.74    18.96481
       4.76    35.34064
       4.78    44.72694
        4.8    45.14213
       4.82    36.06151
       4.84    18.84647
       4.86    -2.48352
       4.88   -22.59598
        4.9   -37.50967
       4.92   -44.91063
       4.94   -43.85106
       4.96   -34.64726
       4.98    -18.3549
         5.     2.80851
       5.02    25.29613
       5.04    45.17339
       5.06       58.93
       5.08    64.05509
        5.1    59.46517
       5.12    45.77798
       5.14    25.47218
       5.16      2.3279
       5.18   -19.63232
        5.2   -36.81089
       5.22   -46.55631
       5.24    -47.6086
       5.26   -40.24658
       5.28   -25.91399
        5.3    -6.50639
       5.32    15.20317
       5.34     35.4296
       5.36    50.53627
       5.38     57.7262
        5.4    55.46162
       5.42    43.79423
       5.44    24.36746
       5.46      0.3546
       5.48   -23.99515
        5.5    -44.3315
       5.52   -57.22063
       5.54    -60.7514
       5.56   -54.69179
       5.58   -40.42866
        5.6   -20.70805
       5.62      0.8454
       5.64    20.35469
       5.66    34.56617
       5.68    41.60107
        5.7    40.99188
       5.72    33.29509
       5.74    19.88803
       5.76     2.94324
       5.78   -14.71657
        5.8   -29.97073
       5.82   -40.04935
       5.84   -43.21476
       5.86   -38.98425
       5.88    -28.0702
        5.9   -12.32077
       5.92     5.54569
       5.94    22.42507
       5.96    35.33057
       5.98     41.9243
         6.    41.09188
       6.02    33.24214
       6.04    20.09208
       6.06     4.07665
       6.08   -12.24895
        6.1   -26.42576
       6.12   -36.16678
       6.14   -39.76501
       6.16   -36.66269
       6.18   -27.56172
        6.2   -14.17565
       6.22     1.07898
       6.24    15.64262
       6.26    27.32295
       6.28    34.43788
        6.3    35.91726
       6.32    31.50655
       6.34    21.92948
       6.36     8.85486
       6.38    -5.45856
        6.4   -18.63505
       6.42   -28.54836
       6.44   -33.63781
       6.46    -33.1078
       6.48    -26.9654
        6.5   -16.07158
       6.52    -2.18712
       6.54     12.2979
       6.56    24.91432
       6.58    33.54688
        6.6    36.73265
       6.62    33.86082
       6.64    25.39558
       6.66    12.89184
       6.68    -1.48657
        6.7   -15.36157
       6.72     -26.419
       6.74   -32.83738
       6.76   -33.62977
       6.78   -28.79389
        6.8   -19.29267
       6.82    -6.88163
       6.84     6.15476
       6.86    17.41125
       6.88     25.0703
        6.9    28.32672
       6.92    27.05226
       6.94    21.52288
       6.96    12.55338
       6.98     1.55581
         7.    -9.55458
       7.02   -18.69576
       7.04   -24.17635
       7.06   -25.13539
       7.08   -21.62988
        7.1   -14.48819
       7.12     -5.1263
       7.14     4.71722
       7.16    13.39358
       7.18    19.69169
        7.2    22.84033
       7.22    22.41622
       7.24    18.50141
       7.26    11.79049
       7.28     3.39207
        7.3     -5.3835
       7.32   -13.18575
       7.34   -18.84377
       7.36   -21.52702
       7.38   -20.79481
        7.4   -16.68267
       7.42    -9.86889
       7.44      -1.659
       7.46      6.3759
       7.48    12.89608
        7.5      17.014
       7.52    18.23884
       7.54     16.4839
       7.56    12.07725
       7.58     5.72009
        7.6    -1.60564
       7.62    -8.81089
       7.64   -14.85479
       7.66   -18.87011
       7.68   -20.23161
        7.7   -18.67209
       7.72    -14.4737
       7.74    -8.48933
       7.76    -1.76955
       7.78     4.71555
        7.8    10.06362
       7.82    13.64243
       7.84    15.13994
       7.86    14.47768
       7.88     11.8848
        7.9     7.87051
       7.92     3.13491
       7.94    -1.53067
       7.96    -5.46205
       7.98      -8.293
         8.    -9.69834
       8.02    -9.23419
       8.04    -6.72298
       8.06     -2.5461
       8.08     2.52089
        8.1     7.58324
       8.12    11.76505
       8.14    14.34708
       8.16    14.89153
       8.18    13.31424
        8.2     9.91838
       8.22     5.31475
       8.24     0.25131
       8.26    -4.52894
       8.28    -8.38479
        8.3   -10.86872
       8.32   -11.74196
       8.34   -10.95703
       8.36    -8.68845
       8.38    -5.33334
        8.4    -1.44153
       8.42     2.36801
       8.44      5.5287
       8.46     7.59683
       8.48     8.25893
        8.5     7.36538
       8.52     5.30443
       8.54     3.17447
       8.56     1.93402
       8.58     1.91298
        8.6     3.06422
       8.62     5.06052
       8.64     7.37916
       8.66     9.42732
       8.68    10.65658
        8.7    10.65841
       8.72     9.23116
       8.74     6.47309
       8.76     2.83999
       8.78    -1.01087
        8.8    -4.49866
       8.82    -7.20804
       8.84    -8.77352
       8.86    -8.96488
       8.88    -7.93628
        8.9    -6.17956
       8.92    -4.32589
       8.94    -3.07824
       8.96     -2.8395
       8.98    -2.85072
         9.    -1.93879
       9.02    -0.03802
       9.04      2.3135
       9.06     4.82828
       9.08     7.34494
        9.1     9.46306
       9.12    10.74069
       9.14    10.96588
       9.16     9.92281
       9.18     7.36512
        9.2     3.17429
       9.22    -2.59595
       9.24    -9.29639
       9.26   -15.43164
       9.28     -19.571
        9.3    -20.8963
       9.32   -18.93024
       9.34   -13.64112
       9.36     -5.5551
       9.38     4.33856
        9.4    14.64902
       9.42    23.66097
       9.44    29.58763
       9.46    31.03661
       9.48    27.33186
        9.5    18.56837
       9.52     5.63502
       9.54    -9.18753
       9.56   -22.60422
       9.58   -32.03709
        9.6   -36.01795
       9.62   -33.99021
       9.64   -26.54093
       9.66   -15.27127
       9.68    -2.05483
        9.7    11.48849
       9.72     23.4868
       9.74    31.84773
       9.76    35.07094
       9.78    32.56431
        9.8    24.61425
       9.82    12.33743
       9.84    -2.43391
       9.86   -17.40076
       9.88   -30.10693
        9.9   -38.29247
       9.92   -40.35394
       9.94   -35.78532
       9.96   -25.21967
       9.98   -10.20052
        10.     6.79962
      10.02     22.6932
      10.04    34.51733
      10.06    40.19932
      10.08    39.04735
       10.1    31.49799
      10.12    18.88935
      10.14     3.45935
      10.16   -12.04042
      10.18   -24.94176
       10.2   -33.16626
      10.22   -35.51282
      10.24   -31.83926
      10.26    -23.1064
      10.28   -11.15431
       10.3     1.66293
      10.32    13.08066
      10.34     21.5058
      10.36    26.12273
      10.38    26.64368
       10.4    23.11786
      10.42    16.28838
      10.44     7.68586
      10.46    -1.12227
      10.48    -8.93007
       10.5   -14.81251
      10.52   -18.15981
      10.54   -18.72266
      10.56   -16.57939
      10.58   -12.02021
       10.6    -5.59005
      10.62     1.82439
      10.64     9.13916
      10.66     15.2254
      10.68     19.1125
       10.7    20.27973
      10.72    18.73915
      10.74    14.93411
      10.76     9.52908
      10.78       3.251
       10.8    -3.12112
      10.82    -8.78399
      10.84   -12.91169
      10.86   -14.80966
      10.88   -14.12961
       10.9   -10.86094
      10.92    -5.48103
      10.94     0.94348
      10.96     7.08295
      10.98    11.65428
        11.    13.69002
      11.02    12.89614
      11.04     9.72615
      11.06     5.12253
      11.08     0.14039
       11.1    -4.37459
      11.12    -7.82785
      11.14     -9.8435
      11.16   -10.31934
      11.18    -9.33915
       11.2    -6.94398
      11.22    -3.19387
      11.24     1.58554
      11.26     6.78216
      11.28    11.57255
       11.3    15.10375
      11.32    16.71336
      11.34    16.04739
      11.36    13.14211
      11.38     8.52288
       11.4     3.13147
      11.42    -1.93435
      11.44    -5.60864
      11.46    -7.17307
      11.48    -6.48798
       11.5     -3.8613
      11.52     0.09183
      11.54     4.55635
      11.56     8.64645
      11.58    11.51794
       11.6     12.4986
      11.62     11.2188
      11.64     7.68807
      11.66     2.30899
      11.68    -4.19161
       11.7   -10.89827
      11.72   -16.83616
      11.74   -21.11774
      11.76   -23.11555
      11.78    -22.5925
       11.8   -19.79336
      11.82    -15.4234
      11.84   -10.46737
      11.86    -5.71762
      11.88    -1.36746
       11.9     2.68067
      11.92     6.44006
      11.94     9.70868
      11.96    12.07168
      11.98    13.27156
        12.    13.38935
      12.02    12.62017
      12.04    11.09904
      12.06      8.9598
      12.08     6.40686
       12.1     3.75165
      12.12     1.43294
      12.14    -0.12585
      12.16    -0.65648
      12.18    -0.07356
       12.2     1.52126
      12.22     3.85969
      12.24     6.46107
      12.26       8.546
      12.28     9.31247
       12.3     8.38732
      12.32     5.78629
      12.34     1.83594
      12.36    -2.72314
      12.38     -7.0844
       12.4   -10.67208
      12.42   -13.00776
      12.44   -13.66372
      12.46   -12.39317
      12.48    -9.29137
       12.5    -4.92594
      12.52    -0.15023
      12.54     4.25895
      12.56     7.60761
      12.58     9.34105
       12.6     9.29511
      12.62     7.63216
      12.64     4.75082
      12.66     1.24525
      12.68    -2.29251
       12.7    -5.35425
      12.72    -7.49705
      12.74    -8.33214
      12.76    -7.57478
      12.78       -5.24
       12.8    -1.78079
      12.82     2.02615
      12.84     5.30836
      12.86     7.33356
      12.88     7.68472
       12.9     6.28822
      12.92     3.39258
      12.94     -0.4261
      12.96     -4.3831
      12.98    -7.77488
        13.    -10.1149
      13.02    -11.1357
      13.04   -10.79394
      13.06    -9.23194
      13.08    -6.80914
       13.1    -4.05819
      13.12    -1.52877
      13.14     0.45196
      13.16     1.93268
      13.18     3.04864
       13.2     3.85403
      13.22     4.40875
      13.24     4.72518
      13.26     4.73078
      13.28     4.34621
       13.3     3.50315
      13.32     2.05871
      13.34     0.14961
      13.36    -1.59782
      13.38    -2.71372
       13.4    -3.20383
      13.42    -3.28129
      13.44    -3.05092
      13.46    -2.21049
      13.48    -0.36683
       13.5     2.26922
      13.52     4.95173
      13.54      6.9657
      13.56     7.88859
      13.58     7.66271
       13.6     6.48587
      13.62     4.62589
      13.64     2.39268
      13.66     0.13117
      13.68    -1.86745
       13.7    -3.38358
      13.72    -4.26241
      13.74    -4.50297
      13.76    -4.22816
      13.78    -3.73439
       13.8    -3.43775
      13.82    -3.32418
      13.84    -2.85311
      13.86    -1.43995
      13.88     1.11578
       13.9     4.43447
      13.92     7.81877
      13.94    10.52204
      13.96    11.87797
      13.98    11.46358
        14.      9.1893
      14.02     5.24208
      14.04      0.2057
      14.06    -4.75802
      14.08    -8.46446
       14.1   -10.16521
      14.12    -9.49902
      14.14    -6.64206
      14.16    -2.33956
      14.18     2.24422
       14.2     5.86851
      14.22     7.56082
      14.24     6.73328
      14.26     3.41882
      14.28    -1.61488
       14.3    -7.08084
      14.32    -11.5771
      14.34     -14.016
      14.36   -13.93387
      14.38   -11.52341
       14.4    -7.44471
      14.42     -2.5756
      14.44     2.34865
      14.46     6.78173
      14.48    10.18989
       14.5     12.0652
      14.52    12.04253
      14.54    10.11733
      14.56     6.71091
      14.58      2.5099
       14.6    -1.65044
      14.62     -4.8841
      14.64    -6.53067
      14.66    -6.44032
      14.68    -4.87981
       14.7    -2.31405
      14.72     0.66433
      14.74     3.45715
      14.76     5.54426
      14.78     6.47142
       14.8     6.04949
      14.82      4.6657
      14.84      3.0039
      14.86     1.43463
      14.88      0.0033
       14.9    -1.31936
      14.92    -2.58495
      14.94    -3.70055
      14.96    -4.34492
      14.98       -4.18
        15.    -3.12748
      15.02    -1.50685
      15.04      0.1387
      15.06     1.25427
      15.08     1.47535
       15.1     0.85898
      15.12    -0.18755
      15.14    -1.16936
      15.16    -1.71705
      15.18    -1.67565
       15.2    -1.09027
      15.22    -0.17183
      15.24     0.75705
      15.26     1.46967
      15.28     1.99825
       15.3     2.50173
      15.32     3.05692
      15.34     3.53626
      15.36      3.6913
      15.38     3.30509
       15.4     2.36355
      15.42     1.08951
      15.44    -0.34304
      15.46    -1.88164
      15.48    -3.47348
       15.5     -4.9953
      15.52    -6.18879
      15.54    -6.76637
      15.56    -6.61114
      15.58    -5.85999
       15.6    -4.77584
      15.62    -3.45804
      15.64    -1.76154
      15.66     0.45441
      15.68     3.14519
       15.7     5.95848
      15.72     8.26889
      15.74     9.48132
      15.76     9.21528
      15.78       7.461
       15.8     4.67671
      15.82     1.56631
      15.84    -1.25181
      15.86    -3.39985
      15.88    -4.69824
       15.9    -5.12706
      15.92    -4.74432
      15.94     -3.5871
      15.96    -1.74571
      15.98     0.59203
        16.     3.16783
      16.02     5.55237
      16.04     7.17537
      16.06     7.55146
      16.08      6.4113
       16.1     3.76763
      16.12    -0.03767
      16.14    -4.31871
      16.16    -8.11117
      16.18   -10.31209
       16.2   -10.12295
      16.22    -7.54331
      16.24     -3.2235
      16.26     1.86887
      16.28     6.60364
       16.3     9.97679
      16.32    11.43426
      16.34     10.8031
      16.36     8.14083
      16.38     3.87549
       16.4    -1.21983
      16.42    -6.24957
      16.44   -10.35879
      16.46   -12.81944
      16.48   -13.10444
       16.5   -11.00002
      16.52    -6.72301
      16.54    -1.00125
      16.56     5.06686
      16.58    10.30379
       16.6    13.78396
      16.62    15.08318
      16.64    14.17309
      16.66    11.31084
      16.68      7.0137
       16.7     1.94766
      16.72    -3.10656
      16.74    -7.34121
      16.76    -10.1144
      16.78   -11.06073
       16.8   -10.04052
      16.82    -7.17397
      16.84    -3.00007
      16.86     1.57726
      16.88     5.50378
       16.9     7.81495
      16.92     7.94521
      16.94     5.89085
      16.96     2.14557
      16.98    -2.40598
        17.     -6.7107
      17.02    -9.82007
      17.04   -11.08276
      17.06   -10.29355
      17.08    -7.68083
       17.1    -3.79559
      17.12     0.59988
      17.14     4.74993
      17.16     8.09233
      17.18    10.27135
       17.2    11.14218
      17.22    10.78465
      17.24     9.38926
      17.26     7.14529
      17.28      4.2897
       17.3     1.13898
      17.32    -1.95164
      17.34    -4.54376
      17.36    -6.11935
      17.38    -6.26474
       17.4    -4.87104
      17.42    -2.19565
      17.44     1.25405
      17.46     4.90479
      17.48     8.22377
       17.5    10.72423
      17.52    11.99192
      17.54    11.77797
      17.56    10.06105
      17.58     7.07141
       17.6     3.24895
      17.62    -0.85658
      17.64    -4.79269
      17.66     -8.3032
      17.68    -11.1294
       17.7   -12.92831
      17.72   -13.39749
      17.74   -12.34679
      17.76    -9.68256
      17.78    -5.55603
       17.8    -0.48984
      17.82     4.73393
      17.84     9.21531
      17.86    12.14514
      17.88     13.0006
       17.9    11.61472
      17.92     8.18516
      17.94     3.30244
      17.96    -2.10904
      17.98    -7.03853
        18.   -10.67008
      18.02   -12.49845
      18.04   -12.30772
      18.06   -10.13753
      18.08    -6.24962
       18.1    -1.17003
      18.12     4.25771
      18.14     8.99802
      18.16    12.14944
      18.18    13.24891
       18.2    12.31879
      18.22     9.69586
      18.24     5.82565
      18.26       1.234
      18.28    -3.40924
       18.3    -7.38447
      18.32   -10.07461
      18.34   -11.06946
      18.36    -10.2431
      18.38    -7.78277
       18.4    -4.15316
      18.42    -0.00988
      18.44     3.91149
      18.46     6.91881
      18.48     8.47716
       18.5       8.296
      18.52     6.36325
      18.54      2.9775
      18.56    -1.22563
      18.58     -5.4032
       18.6    -8.70208
      18.62   -10.43283
      18.64   -10.29474
      18.66    -8.40549
      18.68    -5.05161
       18.7    -0.55551
      18.72     4.59531
      18.74     9.65419
      18.76    13.73321
      18.78    15.96469
       18.8    15.66623
      18.82    12.62855
      18.84     7.36462
      18.86      0.9373
      18.88    -5.46375
       18.9    -10.7122
      18.92    -13.8232
      18.94    -14.1368
      18.96   -11.59835
      18.98    -6.85699
        19.    -0.94934
      19.02     5.02513
      19.04    10.02321
      19.06    13.17138
      19.08     13.8935
       19.1    12.01314
      19.12      7.8707
      19.14     2.35933
      19.16    -3.31996
      19.18    -8.05112
       19.2   -11.02817
      19.22   -11.78135
      19.24   -10.18877
      19.26    -6.53716
      19.28    -1.53717
       19.3     3.79906
      19.32     8.36143
      19.34    11.20346
      19.36    11.83125
      19.38    10.26451
       19.4     6.92763
      19.42     2.55093
      19.44    -1.97991
      19.46    -5.80176
      19.48    -8.29345
       19.5    -9.21617
      19.52    -8.66601
      19.54    -7.00139
      19.56    -4.66393
      19.58    -1.95209
       19.6     0.91884
      19.62     3.66683
      19.64      5.9868
      19.66     7.62752
      19.68      8.4042
       19.7     8.23524
      19.72     7.18461
      19.74     5.47155
      19.76     3.43183
      19.78      1.4045
       19.8    -0.31782
      19.82    -1.48825
      19.84    -1.99363
      19.86    -1.89717
      19.88    -1.36398
       19.9    -0.55983
      19.92     0.40121
      19.94     1.43164
      19.96     2.41328
      19.98     3.11537
        20.     3.21426
      20.02     2.42526
      20.04     0.64448
      20.06    -1.95211
      20.08    -4.96368
       20.1    -7.85822
      20.12   -10.05188
      20.14   -11.01908
      20.16   -10.36712
      20.18    -7.92309
       20.2    -3.86339
      20.22     1.27488
      20.24     6.70028
      20.26    11.50458
      20.28    14.83699
       20.3    16.01904
      20.32    14.63514
      20.34     10.6664
      20.36     4.56129
      20.38    -2.75904
       20.4    -9.99293
      20.42   -15.76857
      20.44   -18.96286
      20.46   -18.86919
      20.48   -15.32252
       20.5    -8.86723
      20.52    -0.74059
      20.54     7.46522
      20.56    14.14433
      20.58     17.9696
       20.6    18.20915
      20.62    14.89873
      20.64     8.78162
      20.66     1.12198
      20.68    -6.54051
       20.7   -12.67371
      20.72   -16.03475
      20.74   -15.87395
      20.76   -12.09917
      20.78    -5.40647
       20.8     2.85641
      20.82    10.97938
      20.84    17.23715
      20.86     20.2878
      20.88    19.43579
       20.9    14.83009
      20.92      7.3941
      20.94    -1.52499
      20.96   -10.39027
      20.98   -17.62804
        21.   -21.85532
      21.02   -22.23095
      21.04   -18.72979
      21.06   -12.08662
      21.08    -3.58121
       21.1     5.19637
      21.12    12.63232
      21.14    17.40047
      21.16    18.77173
      21.18    16.71893
       21.2    11.80537
      21.22     5.05873
      21.24    -2.22319
      21.26    -8.71295
      21.28    -13.2476
       21.3   -15.00318
      21.32   -13.66133
      21.34     -9.5057
      21.36    -3.34268
      21.38     3.68922
       21.4    10.33889
      21.42     15.4699
      21.44    18.22021
      21.46    18.11034
      21.48    15.12259
       21.5     9.71338
      21.52      2.7752
      21.54    -4.47745
      21.56   -10.74618
      21.58   -14.89644
       21.6   -16.15401
      21.62   -14.28228
      21.64    -9.64182
      21.66    -3.05638
      21.68     4.39681
       21.7    11.55403
      21.72    17.32114
      21.74    20.84333
      21.76    21.59983
      21.78    19.43463
       21.8    14.52855
      21.82     7.37666
      21.84    -1.12422
      21.86    -9.77815
      21.88   -17.30612
       21.9   -22.47342
      21.92   -24.34759
      21.94    -22.5713
      21.96   -17.43529
      21.98    -9.79975
        22.     -0.8514
      22.02     8.17646
      22.04    16.08601
      22.06     21.7676
      22.08    24.29689
       22.1    23.10866
      22.12    18.21666
      22.14    10.24278
      22.16     0.32529
      22.18    -9.97606
       22.2   -18.89795
      22.22   -24.85847
      22.24   -26.77571
      22.26    -24.2538
      22.28   -17.69428
       22.3    -8.23257
      22.32     2.49973
      22.34    12.67058
      22.36    20.58035
      22.38    24.96501
       22.4    25.17308
      22.42     21.2525
      22.44    13.92791
      22.46     4.44601
      22.48    -5.61732
       22.5    -14.5598
      22.52   -20.82088
      22.54   -23.25543
      22.56   -21.33821
      22.58   -15.26465
       22.6    -6.05283
      22.62     4.51128
      22.64    14.37718
      22.66    21.70252
      22.68     25.0909
       22.7    23.86393
      22.72    18.25002
      22.74     9.29566
      22.76    -1.42863
      22.78   -12.10404
       22.8   -20.93886
      22.82   -26.44562
      22.84   -27.63914
      22.86   -24.18437
      22.88   -16.49254
       22.9    -5.74885
      22.92     6.25073
      22.94     17.4842
      22.96    26.07713
      22.98    30.61342
        23.    30.39629
      23.02    25.55197
      23.04    16.96416
      23.06     6.08406
      23.08    -5.32963
       23.1   -15.51953
      23.12   -23.00819
      23.14   -26.72739
      23.16   -26.11712
      23.18   -21.29416
       23.2   -13.08377
      23.22    -2.86046
      23.24     7.68091
      23.26    16.80504
      23.28    23.04199
       23.3     25.4677
      23.32    23.84926
      23.34    18.64742
      23.36    10.88881
      23.38     1.89268
       23.4    -6.94542
      23.42    -14.3005
      23.44    -19.1183
      23.46   -20.76381
      23.48   -19.06715
       23.5   -14.35482
      23.52     -7.4157
      23.54     0.66498
      23.56     8.68429
      23.58    15.44556
       23.6    19.81568
      23.62     20.8834
      23.64     18.3097
      23.66    12.54482
      23.68     4.70433
       23.7    -3.72682
      23.72    -11.2548
      23.74   -16.70443
      23.76   -19.33506
      23.78   -18.88461
       23.8   -15.61343
      23.82   -10.21022
      23.84    -3.54289
      23.86     3.50189
      23.88    10.05136
       23.9    15.28686
      23.92     18.4183
      23.94    18.81118
      23.96    16.20656
      23.98    10.83802
        24.     3.54545
      24.02     -4.3526
      24.04   -11.39667
      24.06    -16.2443
      24.08   -17.89865
       24.1   -15.89741
      24.12   -10.48127
      24.14    -2.70614
      24.16     5.79592
      24.18    13.23656
       24.2    17.99866
      24.22    18.94057
      24.24    15.71816
      24.26     9.02362
      24.28     0.39064
       24.3    -8.26895
      24.32   -15.01876
      24.34   -18.26598
      24.36   -17.27142
      24.38    -12.4004
       24.4    -4.83468
      24.42      3.7666
      24.44    11.56957
      24.46    17.05159
      24.48    19.34325
       24.5    18.22012
      24.52    13.96727
      24.54     7.25555
      24.56     -0.9257
      24.58    -9.35676
       24.6   -16.71549
      24.62   -21.78756
      24.64   -23.76479
      24.66   -22.38726
      24.68    -17.9307
       24.7   -11.11826
      24.72    -2.93739
      24.74     5.51457
      24.76    13.09271
      24.78    18.72046
       24.8    21.57452
      24.82    21.25242
      24.84    17.89728
      24.86    12.21646
      24.88     5.31499
       24.9    -1.55743
      24.92    -7.19739
      24.94   -10.70983
      24.96   -11.76756
      24.98   -10.58246
        25.    -7.72235
      25.02    -3.93539
      25.04     0.05034
      25.06     3.64421
      25.08     6.37698
       25.1     7.82618
      25.12     7.61002
      25.14     5.59097
      25.16     2.11138
      25.18    -2.06591
       25.2    -6.04068
      25.22    -9.01433
      25.24   -10.42351
      25.26    -9.93713
      25.28    -7.48142
       25.3    -3.34663
      25.32      1.8493
      25.34     7.35947
      25.36    12.39136
      25.38    15.99037
       25.4    17.19038
      25.42    15.40056
      25.44     10.6013
      25.46     3.39588
      25.48    -5.01851
       25.5   -13.10964
      25.52   -19.45233
      25.54    -23.0532
      25.56   -23.44775
      25.58   -20.71564
       25.6   -15.44994
      25.62    -8.63198
      25.64    -1.43756
      25.66     4.98409
      25.68     9.80462
       25.7    12.72572
      25.72    13.90258
      25.74    13.76958
      25.76    12.64338
      25.78    10.46258
       25.8     7.09498
      25.82      2.5603
      25.84     -2.8748
      25.86    -8.49629
      25.88   -13.21995
       25.9   -15.97516
      25.92   -15.98301
      25.94   -12.98912
      25.96    -7.52255
      25.98    -0.75241
        26.     5.86728
      26.02     10.8371
      26.04    12.98901
      26.06    11.83374
      26.08     7.61662
       26.1     1.19518
      26.12    -6.17547
      26.14   -13.09614
      26.16   -18.23561
      26.18   -20.45657
       26.2   -19.01176
      26.22   -13.73638
      26.24    -5.10533
      26.26     5.68741
      26.28    16.85935
       26.3    26.46617
      26.32    32.75274
      26.34    34.46361
      26.36    31.15808
      26.38    23.31455
       26.4    12.17752
      26.42    -0.49886
      26.44   -12.70871
      26.46   -22.50018
      26.48   -28.32295
       26.5   -29.30767
      26.52   -25.40355
      26.54   -17.34085
      26.56    -6.46519
      26.58     5.45576
       26.6    16.46937
      26.62    24.75177
      26.64    28.91598
      26.66    28.22197
      26.68    22.70067
       26.7    13.17302
      26.72     1.11498
      26.74   -11.55619
      26.76   -22.73989
      26.78   -30.49821
       26.8   -33.41059
      26.82   -30.85914
      26.84   -23.19431
      26.86    -11.6741
      26.88     1.79792
       26.9    15.03141
      26.92    25.90101
      26.94    32.59395
      26.96    33.89265
      26.98    29.48436
        27.    20.05407
      27.02     7.16405
      27.04    -6.99901
      27.06   -19.97408
      27.08   -29.48089
       27.1   -33.85719
      27.12   -32.35297
      27.14   -25.27743
      27.16   -13.90586
      27.18    -0.18345
       27.2    13.62917
      27.22    25.29252
      27.24    32.93782
      27.26      35.372
      27.28    32.23412
       27.3     24.0448
      27.32    12.17575
      27.34    -1.33626
      27.36    -14.1662
      27.38   -24.14207
       27.4   -29.58554
      27.42   -29.57664
      27.44     -24.174
      27.46   -14.41253
      27.48     -2.0779
       27.5    10.62813
      27.52    21.51559
      27.54    28.81565
      27.56    31.41367
      27.58    28.96431
       27.6    21.95475
      27.62    11.62974
      27.64    -0.20618
      27.66   -11.48904
      27.68   -20.27193
       27.7   -25.09567
      27.72   -25.23525
      27.74   -20.77813
      27.76   -12.58974
      27.78    -2.17163
       27.8     8.57855
      27.82    17.70784
      27.84    23.58264
      27.86    25.18644
      27.88    22.29971
       27.9    15.53531
      27.92     6.20187
      27.94    -3.98657
      27.96   -13.22135
      27.98   -19.90137
        28.   -22.94985
      28.02   -21.97273
      28.04   -17.25192
      28.06    -9.68567
      28.08    -0.64479
       28.1     8.26004
      28.12    15.46011
      28.14    19.72908
      28.16    20.43183
      28.18    17.61381
       28.2    11.94377
      28.22     4.57106
      28.24    -3.15892
      28.26   -10.00283
      28.28   -14.95644
       28.3   -17.35636
      28.32   -16.98088
      28.34    -14.0196
      28.36    -8.96609
      28.38    -2.59205
       28.4     4.10593
      28.42    10.07897
      28.44    14.38994
      28.46    16.36153
      28.48    15.70332
       28.5    12.56956
      28.52     7.54469
      28.54     1.52204
      28.56    -4.49917
      28.58    -9.58571
       28.6   -12.96111
      28.62   -14.05791
      28.64   -12.61909
      28.66    -8.78785
      28.68    -3.11936
       28.7     3.43711
      28.72     9.70089
      28.74    14.51948
      28.76     16.9581
      28.78    16.46237
       28.8    12.98902
      28.82     7.04529
      28.84    -0.39002
      28.86    -8.05093
      28.88   -14.59261
       28.9    -18.8328
      28.92   -20.00492
      28.94   -17.87793
      28.96   -12.76148
      28.98     -5.4558
        29.     2.86302
      29.02    10.82281
      29.04     17.0999
      29.06    20.65669
      29.08    20.93251
       29.1    17.95564
      29.12    12.31603
      29.14     5.04493
      29.16    -2.57652
      29.18    -9.27508
       29.2   -14.00249
      29.22   -16.11761
      29.24   -15.47016
      29.26   -12.33236
      29.28    -7.33934
       29.3    -1.37542
      29.32     4.59196
      29.34     9.62783
      29.36     12.9346
      29.38    13.95779
       29.4    12.50083
      29.42     8.81933
      29.44     3.60897
      29.46    -2.14717
      29.48    -7.39436
       29.5   -11.23919
      29.52   -13.10081
      29.54   -12.75505
      29.56   -10.33516
      29.58    -6.26485
       29.6    -1.18974
      29.62     4.09645
      29.64     8.77379
      29.66    12.11357
      29.68    13.59221
       29.7    12.99279
      29.72    10.45397
      29.74     6.44628
      29.76     1.64675
      29.78    -3.21324
       29.8    -7.42497
      29.82   -10.37969
      29.84    -11.6782
      29.86   -11.17987
      29.88    -8.99424
       29.9     -5.4743
      29.92    -1.18244
      29.94     3.18532
      29.96      6.8986
      29.98     9.33543
        30.    10.11184
