 
 SAP2000 v18.2.0 File: FRAME  N, mm, C Units  PAGE 1
 m/d/yy h:mm:ss
 
 T I M E   H I S T O R Y   D A T A 
 
 CASE  NLDHIST_3g
 FUNCTION  Joint2-1:  Joint 2  Displacement  UX    
 
       TIME    FUNCTION
               Joint2-1
         0.     0.09637
       0.02     0.18473
       0.04     0.51593
       0.06     1.09515
       0.08     1.79601
        0.1     2.51426
       0.12     3.18696
       0.14     3.74017
       0.16     4.05726
       0.18     4.02285
        0.2     3.59076
       0.22     2.85861
       0.24     2.07124
       0.26     1.49486
       0.28     1.26982
        0.3     1.38033
       0.32     1.71851
       0.34     2.12729
       0.36     2.42875
       0.38     2.50335
        0.4     2.39972
       0.42     2.31222
       0.44     2.41085
       0.46     2.62805
       0.48     2.63783
        0.5     2.08616
       0.52     0.97155
       0.54    -0.21819
       0.56    -0.97345
       0.58    -1.02529
        0.6    -0.21494
       0.62     1.50034
       0.64     3.94504
       0.66     6.59093
       0.68     8.75236
        0.7     9.95394
       0.72     9.95725
       0.74     8.66758
       0.76     6.09282
       0.78     2.36981
        0.8    -2.18015
       0.82    -6.99803
       0.84   -11.39182
       0.86   -14.84044
       0.88   -17.04127
        0.9   -17.70742
       0.92    -16.5904
       0.94   -13.67532
       0.96    -9.27392
       0.98    -4.13549
         1.     0.62081
       1.02     3.85366
       1.04     4.66211
       1.06     2.57479
       1.08    -2.18637
        1.1    -8.65304
       1.12   -15.34682
       1.14   -20.70928
       1.16   -23.36329
       1.18   -21.83921
        1.2   -15.00291
       1.22     -3.3504
       1.24     10.8289
       1.26    24.45836
       1.28    34.48924
        1.3    38.51481
       1.32    35.26364
       1.34    24.78277
       1.36     8.37211
       1.38   -11.73582
        1.4   -32.76032
       1.42   -51.86335
       1.44   -66.93243
       1.46   -76.63481
       1.48   -79.92539
        1.5   -76.41262
       1.52   -66.73513
       1.54   -52.52777
       1.56   -36.36339
       1.58   -21.23684
        1.6   -10.13251
       1.62    -4.76524
       1.64    -3.27136
       1.66    -1.68043
       1.68     2.03418
        1.7      7.6241
       1.72    13.93387
       1.74    19.38453
       1.76    22.75649
       1.78    23.44506
        1.8    21.37557
       1.82    16.93056
       1.84    10.43472
       1.86     2.21166
       1.88    -7.12607
        1.9   -16.93288
       1.92   -26.64395
       1.94   -35.77122
       1.96   -44.02906
       1.98   -51.27785
         2.   -57.53493
       2.02   -63.04378
       2.04   -68.14532
       2.06   -73.21289
       2.08    -78.5134
        2.1   -84.17866
       2.12   -90.54415
       2.14   -97.57002
       2.16  -103.99089
       2.18  -105.42999
        2.2    -94.9871
       2.22   -70.48627
       2.24   -36.44857
       2.26     0.11844
       2.28    32.54516
        2.3    56.93561
       2.32    71.58765
       2.34    75.27939
       2.36    67.23097
       2.38    47.96704
        2.4    19.77578
       2.42   -12.46559
       2.44   -39.07608
       2.46   -50.89183
       2.48   -46.12465
        2.5   -27.44875
       2.52     0.31371
       2.54    30.18146
       2.56    55.88347
       2.58    75.46337
        2.6    90.11145
       2.62   100.26915
       2.64   105.60517
       2.66   105.63772
       2.68    99.91359
        2.7    88.71983
       2.72    73.29415
       2.74    55.65731
       2.76    38.16157
       2.78    23.13595
        2.8    12.91854
       2.82     9.80423
       2.84    15.39634
       2.86    29.67038
       2.88    50.30747
        2.9    73.20371
       2.92    93.68164
       2.94   107.47753
       2.96   111.74761
       2.98    105.4277
         3.     89.0886
       3.02    65.76095
       3.04    40.91725
       3.06    19.79005
       3.08     5.74705
        3.1     0.48882
       3.12     3.92697
       3.14    14.39131
       3.16    29.04461
       3.18    44.39644
        3.2    58.06785
       3.22    69.30734
       3.24    76.68613
       3.26    78.18288
       3.28    72.70557
        3.3    60.22858
       3.32    41.89491
       3.34    22.29777
       3.36     9.52945
       3.38       8.337
        3.4     18.0094
       3.42    35.46907
       3.44    55.92062
       3.46    75.63931
       3.48    93.82644
        3.5   109.07591
       3.52   118.88053
       3.54   121.95161
       3.56   117.71837
       3.58   106.19231
        3.6    88.69013
       3.62     68.3983
       3.64    49.47336
       3.66     35.1576
       3.68     27.4992
        3.7    27.32141
       3.72     33.9707
       3.74    45.47903
       3.76    59.11354
       3.78    72.40693
        3.8    83.73822
       3.82    92.01953
       3.84    96.10907
       3.86    94.85327
       3.88    87.75436
        3.9    75.22486
       3.92    58.50966
       3.94    39.56364
       3.96    20.80237
       3.98     5.74898
         4.    -1.46809
       4.02     1.02687
       4.04    12.29878
       4.06    30.31583
       4.08    52.42412
        4.1    74.85328
       4.12    93.17847
       4.14   103.59857
       4.16   103.69753
       4.18    92.82576
        4.2     72.2344
       4.22    44.88387
       4.24    14.87527
       4.26   -13.81433
       4.28   -38.90427
        4.3   -59.93334
       4.32   -76.93347
       4.34    -89.2425
       4.36   -93.75306
       4.38   -86.80676
        4.4    -69.1367
       4.42   -44.84682
       4.44   -17.91241
       4.46     8.58196
       4.48    32.82119
        4.5    54.23841
       4.52     72.2621
       4.54    85.79893
       4.56    93.53638
       4.58    93.96847
        4.6    85.75951
       4.62    68.60561
       4.64    43.77244
       4.66     13.9612
       4.68   -15.24662
        4.7   -36.81185
       4.72   -47.84607
       4.74   -49.17097
       4.76   -42.30336
       4.78   -29.97577
        4.8   -15.95466
       4.82    -4.28285
       4.84     2.27683
       4.86     5.87551
       4.88    11.25221
        4.9    19.38418
       4.92    28.48428
       4.94    36.35761
       4.96    41.38169
       4.98    44.31644
         5.    46.31139
       5.02    46.96989
       5.04    45.59445
       5.06    41.72217
       5.08    35.14662
        5.1    26.13714
       5.12    15.63774
       5.14     5.89942
       5.16    -0.24392
       5.18    -1.22656
        5.2     2.98756
       5.22    11.19097
       5.24    21.03711
       5.26    29.63183
       5.28    35.03694
        5.3    37.92183
       5.32    39.23095
       5.34    38.24455
       5.36    34.22836
       5.38    26.87853
        5.4    16.28338
       5.42     3.11645
       5.44   -11.36683
       5.46    -24.8922
       5.48   -34.37143
        5.5    -37.1967
       5.52   -32.59668
       5.54   -21.92391
       5.56    -7.91966
       5.58     6.01492
        5.6    16.46024
       5.62    20.66427
       5.64     17.0559
       5.66     6.19761
       5.68    -8.64878
        5.7   -22.93008
       5.72   -32.96959
       5.74   -36.89541
       5.76   -34.35641
       5.78   -25.90168
        5.8    -12.4996
       5.82     4.22674
       5.84    21.62906
       5.86    36.68658
       5.88    46.90874
        5.9    50.57927
       5.92     46.9051
       5.94    36.21194
       5.96    19.84859
       5.98     0.05375
         6.   -19.87896
       6.02   -35.80046
       6.04    -43.8557
       6.06    -42.0561
       6.08    -31.1671
        6.1   -13.93301
       6.12     6.41173
       6.14    26.63819
       6.16    43.21507
       6.18    52.85168
        6.2    53.44732
       6.22    44.49141
       6.24    27.60009
       6.26       6.472
       6.28   -14.44005
        6.3    -31.2362
       6.32   -41.15624
       6.34   -42.68247
       6.36   -35.50837
       6.38   -20.79198
        6.4     -1.2248
       6.42    19.54779
       6.44    37.68372
       6.46    49.98349
       6.48     54.7158
        6.5    51.73002
       6.52    41.87835
       6.54    26.77376
       6.56      8.9406
       6.58    -8.57214
        6.6   -22.87568
       6.62   -31.86279
       6.64    -34.1866
       6.66   -29.18363
       6.68   -17.63187
        6.7    -1.69284
       6.72    15.83725
       6.74    31.88836
       6.76    43.53081
       6.78    48.51115
        6.8    45.67468
       6.82    35.17441
       6.84    18.33103
       6.86    -2.53767
       6.88   -23.60963
        6.9   -39.86296
       6.92   -47.35348
       6.94   -44.76355
       6.96   -33.06112
       6.98   -14.71563
         7.     7.18815
       7.02    29.45782
       7.04    48.72869
       7.06    61.64952
       7.08    65.73079
        7.1    60.01524
       7.12    45.12074
       7.14    23.26385
       7.16    -1.65964
       7.18   -24.55978
        7.2   -40.65217
       7.22   -47.02775
       7.24   -42.94817
       7.26   -29.36502
       7.28    -8.85844
        7.3    14.58129
       7.32     36.4606
       7.34    52.58035
       7.36    59.88243
       7.38    57.24889
        7.4    45.59547
       7.42    27.16528
       7.44     4.84028
       7.46   -17.98226
       7.48   -37.29162
        7.5   -49.22949
       7.52   -51.49062
       7.54   -43.77855
       7.56   -27.62137
       7.58    -6.12054
        7.6    16.59252
       7.62    36.08532
       7.64    48.48403
       7.66    51.29254
       7.68    44.04615
        7.7    28.32363
       7.72     7.00204
       7.74   -16.48237
       7.76   -38.07532
       7.78   -53.61412
        7.8   -60.38741
       7.82   -57.25673
       7.84   -44.38775
       7.86   -23.70716
       7.88     1.33562
        7.9     26.4407
       7.92    47.23513
       7.94    60.51886
       7.96    64.72773
       7.98    59.17105
         8.    44.71631
       8.02    24.67998
       8.04     3.48804
       8.06   -14.93049
       8.08   -27.54456
        8.1   -32.30996
       8.12   -28.57421
       8.14    -17.1932
       8.16    -0.33206
       8.18    18.92325
        8.2    37.19737
       8.22    51.35792
       8.24    58.85795
       8.26    58.13617
       8.28    48.96267
        8.3    32.50189
       8.32    11.26829
       8.34      -11.17
       8.36   -30.90599
       8.38   -44.53464
        8.4   -49.88276
       8.42   -46.30568
       8.44   -34.46456
       8.46   -16.32545
       8.48     4.88422
        8.5    25.21648
       8.52     41.7433
       8.54    53.79881
       8.56    61.18375
       8.58    63.23564
        8.6    59.69784
       8.62    50.92922
       8.64    37.97649
       8.66    22.55926
       8.68     6.81167
        8.7    -7.11232
       8.72   -17.39295
       8.74   -22.68281
       8.76   -22.13574
       8.78   -15.75657
        8.8    -4.90048
       8.82     7.98292
       8.84    20.36531
       8.86    30.00285
       8.88     34.6875
        8.9    32.71065
       8.92    23.48838
       8.94     7.53893
       8.96   -12.84386
       8.98    -31.6414
         9.   -42.03868
       9.02   -41.59294
       9.04   -31.13147
       9.06   -12.29285
       9.08    12.26728
        9.1     38.1757
       9.12    60.53457
       9.14    75.94316
       9.16    82.57171
       9.18     79.1862
        9.2    65.12388
       9.22    41.02431
       9.24    10.30125
       9.26   -20.39153
       9.28   -45.07639
        9.3    -61.1623
       9.32   -67.47473
       9.34   -63.11111
       9.36   -48.10598
       9.38    -24.1011
        9.4     5.33811
       9.42     34.9008
       9.44    59.10976
       9.46    74.45894
       9.48    79.13936
        9.5    71.84738
       9.52    52.38935
       9.54    24.64212
       9.56    -3.91564
       9.58   -27.09319
        9.6   -41.40337
       9.62   -45.56301
       9.64   -40.30987
       9.66   -27.80186
       9.68   -10.25663
        9.7    10.90259
       9.72    32.99576
       9.74    51.71871
       9.76    63.37096
       9.78     65.7782
        9.8    58.19853
       9.82    41.38115
       9.84    17.69478
       9.86    -9.09284
       9.88   -34.25313
        9.9   -53.22783
       9.92   -63.15829
       9.94    -63.0272
       9.96   -52.85145
       9.98   -33.77365
        10.    -9.10498
      10.02    15.94992
      10.04    35.89446
      10.06    46.84688
      10.08    47.67314
       10.1    38.96817
      10.12    22.48835
      10.14     1.55146
      10.16   -19.56405
      10.18   -36.78615
       10.2   -47.19016
      10.22   -49.34172
      10.24   -43.50471
      10.26   -31.68845
      10.28   -17.09369
       10.3     -3.3753
      10.32     6.62178
      10.34     12.0015
      10.36      13.499
      10.38    12.19639
       10.4     8.64651
      10.42     3.87141
      10.44    -0.16311
      10.46    -2.35824
      10.48    -3.09507
       10.5    -3.32604
      10.52    -4.04307
      10.54    -5.95457
      10.56    -9.14814
      10.58   -12.77553
       10.6   -15.49983
      10.62   -16.26872
      10.64   -14.51078
      10.66   -10.32687
      10.68    -4.41106
       10.7     2.47555
      10.72     9.63745
      10.74    16.29116
      10.76    21.30596
      10.78     23.2639
       10.8    21.04993
      10.82    14.34721
      10.84     4.07627
      10.86    -7.82617
      10.88   -19.06714
       10.9    -27.2201
      10.92   -30.60633
      10.94   -29.14235
      10.96   -23.90664
      10.98   -16.67321
        11.    -9.42234
      11.02    -3.38463
      11.04     1.26692
      11.06     4.90533
      11.08     7.73438
       11.1     9.31617
      11.12     8.94001
      11.14     6.13751
      11.16     0.77867
      11.18     -6.6053
       11.2   -14.28241
      11.22   -19.84352
      11.24   -21.40509
      11.26   -18.16705
      11.28   -10.63196
       11.3    -0.37293
      11.32    10.49334
      11.34    19.71632
      11.36    25.39119
      11.38    26.61875
       11.4    23.70918
      11.42    17.81428
      11.44    10.70129
      11.46     4.01392
      11.48    -1.36256
       11.5    -5.00608
      11.52    -6.77423
      11.54    -6.81764
      11.56     -5.5726
      11.58     -3.7857
       11.6    -2.40342
      11.62    -2.33957
      11.64    -4.25922
      11.66    -8.40554
      11.68   -14.55715
       11.7   -22.10968
      11.72   -30.11468
      11.74   -37.40689
      11.76   -42.89339
      11.78   -45.83307
       11.8   -46.13249
      11.82   -44.42639
      11.84   -41.77773
      11.86   -38.56929
      11.88   -33.61226
       11.9   -25.37248
      11.92   -13.31192
      11.94     1.63782
      11.96    17.15682
      11.98    30.85754
        12.    41.12882
      12.02     46.7923
      12.04    46.88592
      12.06     41.0741
      12.08    29.98128
       12.1    15.28422
      12.12    -0.37719
      12.14   -14.08415
      12.16   -23.36935
      12.18   -26.60491
       12.2   -23.25929
      12.22   -13.97523
      12.24    -0.71839
      12.26    13.08237
      12.28    23.59032
       12.3    28.19905
      12.32    25.69044
      12.34    16.22224
      12.36     1.76584
      12.38   -14.92408
       12.4   -31.29207
      12.42   -44.75665
      12.44   -52.79644
      12.46   -53.57603
      12.48   -46.63012
       12.5   -33.37898
      12.52   -16.59422
      12.54     0.75969
      12.56    15.69059
      12.58    25.53874
       12.6    28.92646
      12.62    25.72804
      12.64    16.89921
      12.66     4.37937
      12.68    -9.55374
       12.7   -22.64311
      12.72   -32.74886
      12.74   -37.97685
      12.76   -36.97085
      12.78    -29.5957
       12.8   -17.37838
      12.82    -3.11566
      12.84     9.92348
      12.86    18.85459
      12.88    21.85123
       12.9    18.34568
      12.92     9.02676
      12.94    -4.14611
      12.96    -18.3645
      12.98   -30.95032
        13.   -39.89081
      13.02   -43.96151
      13.04   -42.82482
      13.06   -36.95129
      13.08   -27.69787
       13.1   -17.11092
      13.12    -7.35748
      13.14      0.1049
      13.16     5.08283
      13.18     7.83882
       13.2     8.60839
      13.22     7.84247
      13.24      5.9959
      13.26     3.33967
      13.28     0.11003
       13.3    -3.51928
      13.32    -7.75677
      13.34   -12.16597
      13.36   -15.04626
      13.38   -15.35513
       13.4   -13.61364
      13.42   -11.01279
      13.44    -8.36277
      13.46    -5.10853
      13.48    -0.22591
       13.5     5.71127
      13.52    10.73335
      13.54    13.14691
      13.56     12.2621
      13.58     8.52092
       13.6     3.06288
      13.62    -2.93378
      13.64     -8.4109
      13.66   -12.48376
      13.68   -14.69055
       13.7   -14.98128
      13.72   -13.59581
      13.74      -11.21
      13.76    -8.72572
      13.78     -7.3212
       13.8    -8.22949
      13.82   -11.08413
      13.84   -13.69252
      13.86   -13.60341
      13.88    -9.53456
       13.9    -2.08663
      13.92     6.96213
      13.94     15.4322
      13.96    21.15073
      13.98    22.49746
        14.    18.75393
      14.02    10.01686
      14.04    -2.36681
      14.06   -15.20954
      14.08   -25.13652
       14.1   -29.97288
      14.12   -28.61389
      14.14   -21.49233
      14.16   -10.68326
      14.18     0.54453
       14.2     8.75741
      14.22    11.38357
      14.24     7.03578
      14.26    -3.82766
      14.28   -18.62765
       14.3   -33.38654
      14.32   -44.00611
      14.34   -47.58422
      14.36   -43.31551
      14.38   -32.49867
       14.4   -17.83459
      14.42    -2.52619
      14.44     10.9327
      14.46    20.97246
      14.48     26.4254
       14.5    26.50496
      14.52    21.04124
      14.54    10.97959
      14.56    -1.59447
      14.58   -14.09614
       14.6   -23.90745
      14.62   -28.71817
      14.64    -27.3201
      14.66   -20.34283
      14.68     -9.7834
       14.7     1.87107
      14.72    12.06513
      14.74    18.69812
      14.76    20.44681
      14.78    16.70133
       14.8     8.03953
      14.82    -3.04237
      14.84   -13.21992
      14.86   -20.41587
      14.88   -24.01835
       14.9   -24.21318
      14.92   -21.80324
      14.94   -17.58718
      14.96    -11.9175
      14.98    -5.10926
        15.     1.95596
      15.02     7.61086
      15.04     10.0577
      15.06     8.04764
      15.08     1.42677
       15.1    -8.33067
      15.12   -18.57281
      15.14   -26.52614
      15.16   -30.17945
      15.18   -28.72061
       15.2   -22.55539
      15.22   -13.14948
      15.24     -2.7051
      15.26     6.69536
      15.28    13.83585
       15.3    18.20182
      15.32    19.52255
      15.34    17.48709
      15.36    11.98059
      15.38     3.43254
       15.4    -6.85877
      15.42   -16.86424
      15.44   -24.92897
      15.46   -30.19518
      15.48   -32.36006
       15.5   -31.48847
      15.52   -27.74193
      15.54   -21.53395
      15.56   -13.90901
      15.58    -6.54671
       15.6    -1.14991
      15.62     1.59011
      15.64     2.30363
      15.66     2.15298
      15.68     2.14917
       15.7     2.58107
      15.72     2.89171
      15.74     2.37591
      15.76     0.56449
      15.78    -2.40995
       15.8    -5.54611
      15.82    -7.58544
      15.84    -7.87362
      15.86    -6.63141
      15.88    -4.60032
       15.9    -2.70718
      15.92    -1.64833
      15.94    -1.50318
      15.96    -1.96562
      15.98    -2.58045
        16.    -2.84031
      16.02    -2.70651
      16.04    -2.73834
      16.06    -3.59862
      16.08    -5.78044
       16.1    -9.45092
      16.12   -14.26997
      16.14   -19.23296
      16.16   -22.70318
      16.18   -22.64214
       16.2   -17.75085
      16.22    -8.78331
      16.24     2.02586
      16.26    12.03015
      16.28    18.62047
       16.3    19.98809
      16.32    15.91321
      16.34     7.32144
      16.36    -4.41674
      16.38    -17.2797
       16.4   -28.81368
      16.42   -36.84702
      16.44   -39.91494
      16.46   -37.34897
      16.48   -29.25331
       16.5   -16.55987
      16.52    -1.10855
      16.54    14.32872
      16.56    26.59533
      16.58    33.03251
       16.6    32.35154
      16.62     25.1442
      16.64    13.24883
      16.66    -0.92031
      16.68   -14.74782
       16.7   -25.95387
      16.72   -32.76457
      16.74   -34.09524
      16.76   -29.91313
      16.78   -21.25122
       16.8    -9.68989
      16.82     2.88961
      16.84    14.10042
      16.86    21.36198
      16.88    22.54467
       16.9    16.53526
      16.92     3.87538
      16.94    -13.1315
      16.96    -31.0243
      16.98   -45.87015
        17.   -54.18536
      17.02   -53.84101
      17.04   -44.53721
      17.06   -27.97066
      17.08    -7.38811
       17.1    13.21186
      17.12    29.84821
      17.14    39.53352
      17.16    40.97889
      17.18    34.57231
       17.2    22.13691
      17.22     6.56998
      17.24    -8.97633
      17.26   -21.89427
      17.28   -30.33914
       17.3   -33.33614
      17.32   -30.90818
      17.34   -23.75305
      17.36   -12.90457
      17.38     0.16213
       17.4    13.39906
      17.42    24.41638
      17.44    31.12034
      17.46     32.3746
      17.48    28.22524
       17.5    19.63582
      17.52     8.14761
      17.54    -4.32399
      17.56   -15.76589
      17.58   -24.35786
       17.6   -28.79878
      17.62   -28.60811
      17.64   -24.54772
      17.66    -18.5501
      17.68   -12.64823
       17.7    -8.24151
      17.72    -6.05454
      17.74    -6.08135
      17.76    -7.45508
      17.78     -9.0101
       17.8    -9.95162
      17.82    -9.92687
      17.84    -9.05416
      17.86    -7.72148
      17.88    -6.32767
       17.9    -5.25407
      17.92    -4.84368
      17.94    -5.14829
      17.96    -5.79615
      17.98      -6.336
        18.    -6.65669
      18.02    -6.95207
      18.04     -7.3786
      18.06     -7.8282
      18.08    -7.87642
       18.1    -7.12255
      18.12    -5.68675
      18.14    -4.23457
      18.16    -3.39535
      18.18    -3.18298
       18.2    -3.07531
      18.22    -2.59877
      18.24     -1.8521
      18.26    -1.34511
      18.28    -1.45185
       18.3    -2.29236
      18.32     -3.8119
      18.34    -5.80218
      18.36    -7.97415
      18.38   -10.04199
       18.4   -11.76804
      18.42   -12.98335
      18.44   -13.61447
      18.46   -13.69237
      18.48   -13.34676
       18.5   -12.78129
      18.52   -12.27185
      18.54   -12.01881
      18.56    -11.8773
      18.58   -11.45083
       18.6   -10.33106
      18.62    -8.26845
      18.64    -5.55142
      18.66    -2.90085
      18.68    -0.66146
       18.7     1.50704
      18.72     4.01638
      18.74      6.7492
      18.76     9.06121
      18.78      9.9406
       18.8     8.25668
      18.82     3.49006
      18.84    -3.52643
      18.86   -11.01056
      18.88   -17.28076
       18.9   -21.03093
      18.92   -21.23722
      18.94   -17.40255
      18.96   -10.16106
      18.98    -1.43863
        19.     6.50686
      19.02    11.93703
      19.04    13.74761
      19.06    11.48318
      19.08     5.36679
       19.1    -3.71663
      19.12   -14.10937
      19.14   -23.39284
      19.16   -29.09993
      19.18   -29.72623
       19.2   -25.11153
      19.22   -16.14375
      19.24    -4.40321
      19.26     7.99365
      19.28     18.5765
       19.3    24.96644
      19.32    25.39702
      19.34    19.25221
      19.36     7.56549
      19.38    -7.22796
       19.4   -22.03817
      19.42   -33.74968
      19.44   -39.85627
      19.46    -38.9901
      19.48   -31.38353
       19.5   -18.93215
      19.52    -4.59293
      19.54      8.3114
      19.56    17.03681
      19.58    20.35605
       19.6    18.43834
      19.62    12.25378
      19.64     3.38321
      19.66    -6.18963
      19.68   -14.51901
       19.7   -20.02184
      19.72   -21.66627
      19.74   -19.08502
      19.76   -12.63741
      19.78    -3.50818
       19.8     6.52961
      19.82    15.58074
      19.84    21.82303
      19.86    23.75488
      19.88    20.64504
       19.9    12.87326
      19.92     1.92698
      19.94   -10.00304
      19.96   -20.63172
      19.98   -28.29066
        20.   -32.27675
      20.02   -32.73623
      20.04   -30.34595
      20.06   -25.93858
      20.08   -20.42294
       20.1    -14.6979
      20.12    -9.46349
      20.14    -5.13782
      20.16    -1.75029
      20.18     0.99027
       20.2      3.3333
      20.22     5.31174
      20.24     6.78075
      20.26     7.45822
      20.28     7.04492
       20.3     5.20245
      20.32     1.55395
      20.34    -4.04653
      20.36   -11.27765
      20.38   -19.16182
       20.4   -26.05271
      20.42   -30.20795
      20.44   -30.37266
      20.46   -25.95095
      20.48   -17.14149
       20.5    -5.32991
      20.52     6.92958
      20.54    16.75865
      20.56    21.69235
      20.58    20.19252
       20.6    12.21021
      20.62    -0.64961
      20.64   -15.56889
      20.66   -29.19966
      20.68   -38.35863
       20.7   -40.66881
      20.72   -35.05873
      20.74   -21.94353
      20.76    -3.27154
      20.78    17.47284
       20.8    35.94558
      20.82    47.90808
      20.84    50.21258
      20.86     41.6798
      20.88    23.31924
       20.9    -1.60117
      20.92   -28.21462
      20.94   -51.50267
      20.96   -67.54918
      20.98   -74.22125
        21.   -70.74918
      21.02   -57.62965
      21.04   -37.29639
      21.06   -13.78218
      21.08     8.25499
       21.1    24.40699
      21.12    31.39322
      21.14     27.7358
      21.16    14.27806
      21.18    -5.98712
       21.2   -28.82272
      21.22   -49.59034
      21.24   -64.11987
      21.26   -69.53905
      21.28   -64.68337
       21.3   -50.23338
      21.32   -28.68772
      21.34    -4.03721
      21.36    19.03196
      21.38     36.2123
       21.4    44.69336
      21.42    43.53718
      21.44    33.21867
      21.46    15.51983
      21.48     -6.5355
       21.5   -29.18352
      21.52   -48.46473
      21.54   -60.83018
      21.56   -63.89363
      21.58   -56.94057
       21.6   -41.01406
      21.62    -18.8589
      21.64     5.46474
      21.66    27.52167
      21.68    43.51506
       21.7    51.22086
      21.72     50.2475
      21.74     41.4272
      21.76    26.52036
      21.78      8.0598
       21.8   -11.25002
      21.82   -28.99351
      21.84   -42.95163
      21.86   -51.34179
      21.88   -53.18626
       21.9   -48.21996
      21.92   -37.08763
      21.94   -21.59323
      21.96    -4.42208
      21.98    11.42335
        22.    23.43602
      22.02    30.29067
      22.04    31.70529
      22.06    28.03932
      22.08    19.97388
       22.1     8.45734
      22.12    -5.08282
      22.14   -18.88315
      22.16   -31.11171
      22.18    -39.9051
       22.2    -43.5642
      22.22   -41.13026
      22.24   -32.72462
      22.26    -19.5485
      22.28    -3.81912
       22.3    11.60441
      22.32    23.86622
      22.34    30.68136
      22.36    30.82183
      22.38    24.39422
       22.4    12.72257
      22.42    -1.94015
      22.44   -16.84572
      22.46    -29.3317
      22.48   -37.23779
       22.5   -39.10356
      22.52   -34.37943
      22.54   -23.56408
      22.56    -8.16309
      22.58     9.52765
       22.6    26.41769
      22.62    38.81664
      22.64     43.6949
      22.66    39.60705
      22.68    26.73858
       22.7     6.99369
      22.72   -16.10761
      22.74   -38.19748
      22.76   -55.18428
      22.78   -64.21675
       22.8   -64.11495
      22.82   -55.08394
      22.84   -38.50617
      22.86   -16.87376
      22.88     6.53546
       22.9    27.92527
      22.92    43.55479
      22.94     50.8617
      22.96     48.9486
      22.98    38.35905
        23.    21.10718
      23.02     0.45733
      23.04   -19.77547
      23.06    -36.0041
      23.08   -45.56941
       23.1   -47.24105
      23.12   -41.37758
      23.14   -29.52921
      23.16   -13.91747
      23.18     2.72589
       23.2    17.46344
      23.22    27.74038
      23.24    31.81961
      23.26    29.06187
      23.28    20.09898
       23.3     6.82208
      23.32    -7.97785
      23.34   -21.18905
      23.36   -30.07949
      23.38   -33.07504
       23.4   -30.00473
      23.42   -21.87412
      23.44   -10.61962
      23.46     1.32047
      23.48    11.60064
       23.5    18.36496
      23.52    20.50178
      23.54     17.9208
      23.56    11.55314
      23.58     2.95043
       23.6    -6.42165
      23.62   -15.52267
      23.64   -23.31501
      23.66   -28.45478
      23.68    -29.6549
       23.7   -26.23084
      23.72   -18.55296
      23.74    -8.20634
      23.76     2.52508
      23.78    11.29198
       23.8    16.08687
      23.82    15.73178
      23.84    10.47189
      23.86     1.96742
      23.88     -7.3588
       23.9   -15.06843
      23.92   -19.61813
      23.94   -20.63822
      23.96   -18.63681
      23.98   -14.66801
        24.    -9.67337
      24.02    -4.26379
      24.04     1.04055
      24.06     5.85385
      24.08     9.97128
       24.1    13.32098
      24.12     15.6848
      24.14    16.26675
      24.16    14.00881
      24.18     8.21337
       24.2    -1.24398
      24.22   -13.78369
      24.24   -27.81928
      24.26   -40.48112
      24.28   -48.35229
       24.3   -48.68484
      24.32   -39.98247
      24.34   -22.39786
      24.36      1.5632
      24.38    27.10112
       24.4    48.64746
      24.42    61.75374
      24.44     64.0421
      24.46    55.17809
      24.48    36.98825
       24.5    13.16373
      24.52    -11.8115
      24.54   -33.67313
      24.56   -49.12242
      24.58   -56.46259
       24.6   -55.38454
      24.62   -46.41645
      24.64   -31.26053
      24.66    -12.7765
      24.68     5.67278
       24.7    20.92882
      24.72    30.80168
      24.74    34.39078
      24.76    31.87291
      24.78    24.26316
       24.8    13.22531
      24.82     0.87567
      24.84   -10.39196
      24.86   -18.21555
      24.88   -20.81028
       24.9   -17.46704
      24.92     -8.6367
      24.94     3.98112
      24.96    17.41508
      24.98    28.18034
        25.    33.34163
      25.02    31.26245
      25.04    22.09683
      25.06     7.74985
      25.08    -8.81875
       25.1   -24.58674
      25.12   -37.21993
      25.14   -45.06805
      25.16   -46.81098
      25.18   -41.67301
       25.2   -30.02334
      25.22   -13.56728
      25.24      4.9734
      25.26    22.62328
      25.28    36.76752
       25.3    45.33275
      25.32    47.09381
      25.34    42.16482
      25.36    31.84898
      25.38    17.64685
       25.4     0.96546
      25.42   -16.44764
      25.44   -32.52024
      25.46   -45.06246
      25.48   -51.92714
       25.5   -51.56146
      25.52   -43.82806
      25.54   -30.28628
      25.56   -13.71234
      25.58     2.57781
       25.6    15.35792
      25.62    22.13081
      25.64    21.64959
      25.66     14.1984
      25.68     1.84107
       25.7   -11.73525
      25.72   -22.25373
      25.74   -26.04353
      25.76   -21.64994
      25.78   -10.69877
       25.8     3.30098
      25.82     16.1975
      25.84    24.23603
      25.86     25.4605
      25.88    20.17692
       25.9    10.27519
      25.92    -1.42223
      25.94   -11.98958
      25.96   -19.58149
      25.98   -23.60385
        26.   -24.34188
      26.02   -22.91193
      26.04   -20.66971
      26.06   -18.49807
      26.08   -16.71011
       26.1   -15.22321
      26.12   -13.77994
      26.14   -12.12162
      26.16    -9.97244
      26.18    -6.80991
       26.2    -1.98852
      26.22     4.92767
      26.24    13.98315
      26.26    24.33855
      26.28    34.20786
       26.3    41.56212
      26.32    44.57709
      26.34    42.02062
      26.36    33.80118
      26.38    21.09101
       26.4     5.90974
      26.42    -9.37376
      26.44     -22.355
      26.46   -30.93767
      26.48   -33.77831
       26.5   -30.59722
      26.52   -22.21856
      26.54   -10.29886
      26.56     3.08824
      26.58    15.71983
       26.6    25.44347
      26.62    30.52608
      26.64    29.98062
      26.66    23.68925
      26.68    12.43941
       26.7    -2.13129
      26.72   -17.80966
      26.74   -32.09781
      26.76    -42.4717
      26.78   -46.81984
       26.8   -43.92121
      26.82   -33.81879
      26.84   -18.01112
      26.86     0.80855
      26.88    19.37884
       26.9    34.56942
      26.92    43.89564
      26.94    45.64489
      26.96    39.13098
      26.98    25.14622
        27.     5.95671
      27.02   -15.10783
      27.04   -34.21707
      27.06   -47.67357
      27.08   -52.70511
       27.1   -48.13312
      27.12   -34.64042
      27.14   -14.72687
      27.16     7.84772
      27.18    28.97309
       27.2    45.00157
      27.22    53.33183
      27.24    52.79892
      27.26    43.74478
      27.28    27.83565
       27.3     7.81121
      27.32   -12.81457
      27.34   -30.25153
      27.36   -41.20841
      27.38    -43.6271
       27.4   -36.99462
      27.42   -22.39322
      27.44    -2.50985
      27.46    18.79937
      27.48    37.34084
       27.5     49.4366
      27.52    52.74499
      27.54    46.80313
      27.56    32.92936
      27.58    13.78302
       27.6    -7.07996
      27.62   -25.80611
      27.64   -38.88828
      27.66   -43.77751
      27.68   -39.42495
       27.7   -26.60129
      27.72    -7.77098
      27.74     13.4625
      27.76    33.04748
      27.78    47.18509
       27.8    52.95535
      27.82    48.89702
      27.84     35.4073
      27.86    14.74282
      27.88     -9.3429
       27.9   -32.25723
      27.92    -49.4788
      27.94   -57.67885
      27.96      -55.36
      27.98   -42.87522
        28.   -22.53555
      28.02     1.74086
      28.04    25.35878
      28.06     43.8836
      28.08    53.86917
       28.1    53.47612
      28.12    42.66123
      28.14    23.28078
      28.16    -1.01501
      28.18   -25.47514
       28.2   -45.24923
      28.22   -56.38161
      28.24   -56.78822
      28.26   -46.70521
      28.28   -28.39197
       28.3    -5.59085
      28.32    17.15616
      28.34    35.50392
      28.36    46.29593
      28.38    47.94122
       28.4    40.44066
      28.42    25.39195
      28.44     5.67098
      28.46   -15.11766
      28.48   -33.23483
       28.5   -45.42216
      28.52   -49.44088
      28.54   -44.52253
      28.56   -31.64017
      28.58   -13.34052
       28.6     6.90615
      28.62    25.56227
      28.64     39.6225
      28.66    46.98604
      28.68    46.70953
       28.7    38.93027
      28.72    24.83382
      28.74     6.62269
      28.76   -12.88337
      28.78   -30.72701
       28.8   -44.21163
      28.82   -51.26549
      28.84   -50.77567
      28.86   -42.83198
      28.88   -28.68765
       28.9   -10.57942
      28.92     8.49843
      28.94    25.34454
      28.96    37.20769
      28.98    42.24778
        29.    39.78953
      29.02    30.37862
      29.04    15.71677
      29.06    -1.59122
      29.08   -18.43992
       29.1   -31.71192
      29.12   -38.88158
      29.14   -38.51003
      29.16   -30.54302
      29.18   -16.43711
       29.2      1.0937
      29.22    18.53852
      29.24    32.27711
      29.26    39.48863
      29.28    38.67603
       29.3    29.93489
      29.32    14.97302
      29.34    -3.34147
      29.36   -21.64663
      29.38   -36.76401
       29.4   -46.18485
      29.42   -48.31418
      29.44   -42.64396
      29.46    -29.9329
      29.48    -12.2105
       29.5     7.42034
      29.52    25.33076
      29.54    38.16307
      29.56    43.52161
      29.58    40.51285
       29.6    29.87725
      29.62    13.73699
      29.64    -4.82427
      29.66   -22.37196
      29.68   -35.75198
       29.7    -42.5974
      29.72   -41.69365
      29.74   -33.17599
      29.76   -18.62568
      29.78    -0.89047
       29.8     16.5658
      29.82    30.40337
      29.84     37.9686
      29.86    37.80309
      29.88    29.97802
       29.9    16.02561
      29.92    -1.42496
      29.94   -19.18118
      29.96    -34.1107
      29.98   -43.63231
        30.   -46.08567
