$埃而森特罗波（EL Centro)地震 时间间隔0.02秒，持续时间取30s 适合于2类场地土
$EL CENTRO  NS  1940  CALIF.                 2688   0.020 341.700(10F8.3)  
$南北方向，  
$(高振世等著，建筑结构抗震设计，中国建筑工业出版社，1995年）
-1.400 
-10.800 
-10.100  
-8.800  
-9.500 
-12.000 
-14.200 
-12.800 
-11.000  
-8.500
-8.500 
-13.100 
-17.600 
-19.400 
-16.200 
-14.400 
-10.800  
-8.200  
-4.200  
-6.600
-13.100 
-19.000 
-19.600  
-6.600   
3.000  
14.100  
-4.900 
-12.800 
-14.400 
-20.300
-26.000 
-32.500 
-30.600 
-17.200 
-19.700 
-16.300 
-16.400  
-6.700   
2.500  
15.000
23.600  
25.200  
33.600  
46.300  
49.200  
41.900  
35.900  
27.100  
23.500  
33.900
41.200  
53.000  
63.900  
73.200  
65.200  
59.900  
40.000  
40.000   
6.300 
-51.500
-78.700 
-60.300 
-48.400 
-25.000  
-5.900  
13.400  
30.800  
49.900  
71.000  
99.500
121.900 
152.900 
144.900 
115.500  
93.500  
89.200  
92.600  
83.900  
90.100  
99.300
120.900  
32.800
-147.500
-206.600
-198.900
-203.400
-181.600
-172.500
-175.200
-175.300
-180.500
-163.000
-134.700
-108.700 
-78.200 
-42.900  
-1.700  
36.000  
78.500 
116.400
159.800 
196.000 
241.200 
272.900 
303.600 
320.000 
341.700 
282.100 
232.400
-119.800
-237.300
-164.000
-186.500
-109.500 
-75.300 
-17.300  
11.300  
53.300  
89.500 
118.600
175.700  
57.600
-263.100
-154.700
-172.900
-101.200 
-57.900  
23.700 
-67.000
-198.000
-164.100
-168.500
-148.100
-123.100
-100.100 
-75.100 
-52.300 
-27.100  
-4.400  
18.800
-9.500 
-43.300 
-83.800 
-95.100 
-71.600 
-59.900 
-33.400 
-10.800  
18.500  
42.000
67.300  
-9.700 
-37.200  
-4.000   
1.100  
34.400  
56.500  
88.300 
113.000 
136.300
21.900  
24.100  
68.300  
68.900 
131.800 
135.300 
204.000 
-93.100
-130.800 
-69.200
-54.600   
7.200  
67.500
-106.700
-148.800
-107.100
-116.200 
-76.200 
-55.900 
-21.500
-12.600 
-67.400 
-32.400 
-33.700 
-10.900   
1.700  
29.900  
48.800  
60.800  
22.200
-3.200 
-24.500   
7.700  
21.100  
56.800  
82.600 
120.600 
147.800 
173.700  
42.100
2.900  
25.900  
29.300  
-5.500 
-14.700  
14.300  
20.600  
49.900  
64.500  
95.700
112.800 
144.700 
162.900 
194.500 
185.600 
198.400 
176.900 
125.000
-120.700 
-54.200
-38.400 
-31.100
-111.800
-166.100
-246.400
-202.500
-183.500
-131.700 
-96.000 
-32.500
15.400  
81.600 
131.900 
181.800  
-5.800 
-16.900  
28.500  
44.700  
98.300 
142.400
185.300 
245.600 
168.500
-138.000 
-99.900
-108.900 
-90.700 
-46.900
-125.000
-211.100
-161.700
-169.200
-130.600
-111.100 
-77.300 
-51.000 
-54.400
-120.000
-120.900
-115.800
-114.500 
-71.700 
-54.600  
6.400 
-80.400
-163.400 
-85.900 
-96.100 
-39.600 
-14.700
31.900  
64.800  
87.600  
47.200  
19.800  
-2.700  
29.200  
44.500  
78.500 
103.300
135.200 
160.600 
186.100 
128.100 
64.000  
20.400  
31.400  
37.300  
49.600  
23.500
-8.400 
-16.800 
-11.300 
-22.900 
-24.800 
-15.700  
-6.900  
14.700  
37.900  
57.900
25.500  
-4.100 
-42.800 
-13.300   
9.500  
23.000 
-12.900  
-5.000   
8.000  
21.000
38.000  
51.000  
15.700  
-3.200 
-11.100   
0.500   
7.600   
3.500  
-9.500  
-3.600
-1.600   
3.800   
8.500  
-5.600 
-30.400 
-42.100 
-24.400 
-23.600 
-17.700 
-12.900
-1.800  
20.300 
-10.800  
-9.100  
-3.400 
-10.600 
-11.100  
-9.900  
-0.200   
7.300
23.500  
35.500  
70.500  
77.900  
18.400 
-26.300 
-12.400  
-4.200  
15.900   
4.800
-21.900 
-46.700 
-42.800 
-21.600  
-4.300  
15.900  
32.000  
41.900  
12.300 
-16.000
-20.400  
-8.200 
-20.600 
-13.700  
-5.500   
5.300  
13.400  
26.600  
23.200   
7.900
-0.800  
20.000  
43.500  
49.200  
19.100   
9.200  
-2.200  
-2.100   
5.200   
9.300
25.500  
36.800  
52.500  
54.100  
42.500  
39.800  
55.900  
75.600  
36.500  
41.100
9.800 
-20.400 
-24.900 
-40.500 
-41.300 
-47.100 
-43.300 
-45.800  
-5.700  
17.800
-20.800 
-49.200 
-53.000 
-36.200 
-40.500 
-30.800 
-31.600 
-26.500 
-26.500 
-26.900
-34.500 
-30.900 
-21.700  
-7.800   
8.700  
28.100  
31.000  
35.800  
34.100  
35.800
28.700  
30.500  
11.200  
21.400  
13.600  
38.400 
-86.100
-134.900
-134.200
-135.400
-119.300
-104.200 
-82.900 
-65.100 
-44.400 
-25.800  
-6.000  
-9.100 
-18.200 
-14.700
8.500  
16.300   
5.000  
26.400  
58.200  
86.700 
120.000 
169.500 
111.100
-110.000
-36.600 
-44.500 
-23.600 
-96.000 
-65.600 
-59.700 
-67.000 
-55.200  
-2.700  
37.800
107.200 
166.900  
94.700  
40.800  
66.700  
13.200  
-9.500 
-52.000 
-82.700
-115.200
-115.000 
-80.300 
-36.900   
2.900  
54.500 
117.800 
161.000 
-27.000   
3.400  
-5.600
2.000  
14.600  
53.700  
79.800 
-20.500 
-59.000 
-16.900 
-17.500  
-2.800   
7.400
38.200  
56.700  
75.300  
80.100  
59.200  
30.400   
2.300   
6.400 
-40.600 
-45.100
-7.900  
16.800  
56.700   
9.300  
-5.500   
4.400 
-12.300 
-28.200 
-43.700 
-35.200
-25.500 
-11.100  
20.500  
51.900  
85.400 
114.400  
73.300  
23.700 
-36.800 
-27.100
-21.700 
-87.300 
-97.300 
-58.900 
-33.600   
7.700  
25.900  
50.800  
36.100   
8.100
-5.600 
-20.900 
-31.700 
-23.800 
-37.600 
-55.000 
-72.200 
-80.300 
-52.300 
-34.000
-1.100   
6.500  
-3.700  
-0.500 
-16.800 
-41.000  
-8.000   
7.900  
37.400  
61.500
66.500  
25.400  
-5.700 
-47.400 
-35.600 
-24.300  
-4.800  
12.600  
37.900  
24.100
-22.700 
-42.800 
-67.900 
-66.100 
-59.000 
-51.300 
-40.800 
-30.900 
-26.600 
-54.100
-62.800 
-90.800
-110.700 
-88.100 
-77.000 
-58.200 
-47.300 
-33.300 
-19.900   
2.000
21.100  
43.200  
61.300  
76.700  
93.300 
106.600 
113.000 
118.700 
124.700 
133.400
159.400 
179.700 
203.700 
123.600  
44.200 
-14.000 
-66.600 
-55.500 
-69.300 
-98.400
-124.600
-117.900
-105.000 
-92.000 
-74.300 
-80.900 
-85.000 
-86.000 
-86.300 
-87.300
-86.800 
-88.500 
-53.700   
5.200  
21.500  
24.500  
58.000  
31.400  
23.600  
48.500
58.900  
52.500  
35.500  
19.700  
19.900  
49.200  
34.300  
28.800  
43.200  
23.900
8.800   
7.700 
-14.800  
-7.700  
-1.900   
7.500   
4.400 
-14.500 
-31.600 
-24.100
-2.800  
18.200  
42.600  
43.900  
51.200  
46.600  
47.900  
19.300  
22.200  
27.400
39.300  
50.400  
57.700  
58.800  
82.200  
79.700  
94.900  
34.500   
4.500 
-12.300
-34.700 
-42.600 
-41.600 
-27.500 
-27.000   
7.400  
42.800 
-23.100 
-38.700  
-8.300
13.900  
44.500   
2.700 
-69.700 
-79.600 
-25.100 
-13.500   
7.900 
-11.500 
-25.100
-33.300 
-26.900 
-30.100 
-20.000  
-6.700  
-3.800  
10.500  
29.600  
34.400  
95.700
89.800  
17.900 
-36.200 
-99.400 
-80.700 
-74.400 
-53.900 
-33.000 
-12.800   
3.100
14.800  
50.800  
-2.200 
-48.900 
-35.800 
-69.100 
-51.600 
-37.100   
8.800  
63.200
84.100 
127.600 
138.800 
119.300  
75.100  
22.500  
-8.800 
-22.700   
7.400  
18.100
54.400  
39.900   
4.500  
-8.200 
-18.500  
-2.000   
0.600 
-11.700 
-21.000 
-30.300
-51.200 
-72.700 
-57.900 
-26.600 
-17.800   
4.000   
9.800  
13.700  
22.100  
43.700
9.100 
-54.800 
-55.500 
-24.300  
-8.100  
25.000  
41.000  
18.200  
-2.700 
-24.300
-1.500  
24.700  
48.200  
78.300  
62.200  
33.100  
-1.400 
-19.500 
-24.700 
-21.200
-11.000   
5.000  
24.100  
-3.400 
-21.600 
-47.100 
-36.300 
-19.500  
-1.800  
17.000
-8.000   
0.500  
23.000  
37.400  
60.100  
51.600  
43.200  
34.400  
50.500  
65.300
68.300  
17.200 
-17.000 
-52.700 
-66.400 
-38.700 
-22.200  
-3.300  
11.900 
-12.800
-35.100 
-51.400 
-33.500 
-21.800  
-1.200  
14.200   
7.000  
-6.300 
-12.000 
-32.200
-34.600  
-9.100   
7.300  
30.900  
47.200  
60.300  
57.600  
33.000  
-7.300 
-77.700
-60.800 
-43.800 
-20.900   
3.100  
35.000  
29.300  
12.100  
33.800  
31.700  
25.400
20.600  
19.800  
17.400   
2.100 
-14.400 
-34.300 
-33.900 
-14.500  
-2.800  
17.000
-9.600 
-25.500 
-27.900 
-38.800 
-24.200 
-21.500 
-18.200 
-17.400  
-3.800  
-2.700
-18.500 
-12.300   
8.700  
34.300  
69.500  
91.000  
85.300  
76.000  
51.300  
18.600
1.500 
-19.000 
-15.100  
-7.300   
2.100  
12.900  
21.500   
2.400 
-12.400 
-32.900
-51.900 
-70.800 
-57.900 
-46.200 
-30.700 
-14.500  
-0.900 
-18.000 
-31.800 
-46.500
-39.100 
-34.500 
-31.600 
-43.500 
-49.100 
-47.500 
-42.000 
-36.100 
-27.700 
-25.800
-13.900  
-6.800  
50.700  
72.200  
87.800  
78.200  
76.500  
43.900   
8.000   
1.300
-12.600  
-1.500   
3.000  
10.400  
10.400  
19.300  
20.500   
7.400  
-5.600  
-7.200
7.000  
10.600  
14.700  
-0.900 
-15.900 
-18.700  
-0.700  
15.500  
10.500 
-11.500
-30.200 
-30.900  
-9.500  
-5.800   
0.400   
2.000   
5.000   
5.700   
9.700  
13.400
17.700  
21.800  
26.100  
30.200  
34.600  
38.600  
47.400  
39.300  
23.800  
11.500
-7.900 
-12.400   
5.400   
2.700 
-25.000 
-56.600 
-63.000 
-59.100 
-41.300  
-6.800
27.200  
27.700  
-2.100  
-6.000 
-11.000 
-22.100 
-41.600 
-51.900 
-22.200   
3.000
7.900  
13.900  
17.100  
25.300  
32.300  
39.100  
16.400 
-13.600 
-32.300 
-29.100
-28.700 
-30.400 
-33.900 
-24.500  
-7.600  
12.500  
37.600  
40.200  
24.500  
15.600
-4.000 
-15.300 
-28.900 
-31.600 
-11.100   
9.400  
33.500  
57.600  
42.400  
14.300
-0.700 
-13.500 
-27.000 
-34.100 
-35.700 
-39.600 
-40.200 
-48.800 
-48.000 
-40.600
-40.700 
-35.100 
-18.700  
-5.700   
4.400  
-1.900  
-7.200 
-16.900 
-11.500  
12.600
35.800  
65.400  
71.600  
76.200  
73.900  
62.800  
48.400  
26.400  
-4.400 
-28.800
-38.400 
-49.200 
-42.800 
-41.600 
-27.600  
-5.200  
23.700  
42.600  
60.400  
45.200
28.400  
12.600  
-5.400 
-27.500 
-42.300 
-17.500   
0.100  
25.400  
48.100  
64.100
55.400  
41.300  
18.400  
-4.800 
-30.300 
-53.100 
-70.800 
-92.800 
-86.300 
-63.100
-37.600   
8.700  
30.900  
58.900  
61.400  
38.500  
35.100  
31.100  
24.600   
1.900
-19.800 
-15.800  
-1.500   
9.900  
28.600  
40.800  
56.300  
53.100  
31.400  
16.500
-2.400 
-18.900 
-27.600 
-37.100 
-45.000 
-53.400 
-48.300 
-37.900 
-29.600 
-19.600
-18.400 
-15.900 
-11.900  
-5.300   
0.200   
5.900  
-2.300 
-11.200 
-20.500 
-32.200
-38.800 
-34.100 
-28.700 
-32.800 
-40.700 
-48.700 
-56.300 
-64.400 
-55.500 
-44.600
-0.800  
25.300  
41.100  
64.400  
57.900  
47.400  
38.400  
38.500  
34.000  
35.700
0.800 
-25.400 
-46.000 
-47.100 
-22.200  
-6.500  
16.400  
35.500  
50.400  
37.100
28.000  
15.800   
4.100  
-2.700   
2.100   
4.400   
9.900  
13.500   
9.400   
5.800
2.200  
-3.100  
-3.100   
0.400  
-2.500 
-12.400 
-23.500 
-40.600 
-53.000 
-70.100
-32.300  
-5.200   
9.400  
32.800  
47.800  
50.900  
35.800  
34.200  
30.600  
28.500
26.300  
16.800  
-0.500 
-21.200 
-36.500 
-31.000 
-29.700 
-28.000 
-23.700 
-26.600
-30.800 
-36.600 
-35.700 
-30.800 
-19.300   
1.900  
19.600  
16.000  
12.900  
14.000
11.000  
10.800   
9.200   
8.900   
1.900 
-13.100 
-24.700 
-43.600 
-43.200 
-30.000
-19.200  
-4.800   
9.700  
16.800  
14.800  
17.300   
7.800  
-5.800 
-21.500 
-23.400
6.000  
26.200  
26.900   
8.400  
-4.100 
-22.700  
-7.600   
3.100  
18.200  
31.000
47.900  
45.900  
16.600  
-5.800 
-39.600 
-44.400 
-24.100 
-10.100  
21.700  
26.100
12.100   
0.800 
-16.800 
-38.200 
-56.600 
-78.100 
-61.900 
-25.600   
4.400  
45.600
78.300 
110.300  
95.300  
48.900  
12.200 
-38.700 
-84.600
-122.600 
-86.400 
-61.600
-22.800  
15.000  
47.700  
32.300  
24.800   
9.500  
22.700  
33.800  
50.500  
59.400
51.900  
55.200  
59.500  
61.700  
59.300  
46.600  
15.800  
-7.700 
-23.000 
-30.300
-32.900 
-36.400 
-49.000 
-66.000 
-72.300 
-78.400 
-84.600 
-56.600 
-20.900  
12.800
38.100  
48.800  
36.300  
25.000  
15.800  
37.700  
59.400  
63.000  
37.000  
21.700
4.000   
2.300  
-6.200 
-28.600 
-38.000 
-45.700 
-50.500 
-77.700 
-62.800 
-18.900
18.900  
50.900  
74.400  
74.900  
56.200  
45.500  
52.500  
63.500  
73.100  
85.100
92.700  
97.500  
92.900  
81.400  
26.400 
-28.900 
-90.100
-136.400 
-85.900 
-46.800
8.100  
59.400  
82.300  
55.600  
30.100  
-1.100 
-38.000 
-34.700  
-2.000  
18.000
63.300 
101.300 
112.200 
110.700  
94.000  
80.500  
60.800  
50.800  
20.600 
-20.100
-57.200
-102.100
-133.200
-122.500
-120.700
-100.600 
-76.200 
-54.800 
-48.900 
-40.500
-29.100 
-17.600 
-14.100  
-9.800  
-5.000   
1.900   
8.000   
3.500  
-2.900  
-6.100
-3.400  
-1.300   
7.600  
20.500  
32.700  
45.000  
57.700  
56.200  
46.400  
30.000
10.700  
-0.400  
-3.300  
-6.900 
-10.100 
-20.100 
-18.800   
2.500  
13.400  
24.300
26.600  
26.500  
15.500  
-1.900  
-9.500 
-21.600 
-16.700 
-12.000  
-6.400 
-12.900
-16.300 
-19.300 
-24.200 
-23.600 
-17.500 
-12.400 
-18.500 
-26.500 
-32.300 
-33.600
-45.400 
-43.000 
-33.400 
-21.300  
-6.900   
3.000   
0.300  
-9.300  
-8.900 
-15.000
-16.400 
-23.800 
-32.300 
-42.100 
-45.700 
-39.700 
-34.900 
-25.800 
-17.200  
-2.000
15.600  
28.400  
36.200  
35.400  
26.900  
10.100  
-4.500 
-12.500 
-24.500 
-22.900
-12.600  
-6.800   
1.800   
9.300  
20.000  
28.600  
36.500  
31.100  
18.100   
2.400
-15.600 
-31.900 
-21.900 
-11.800   
1.500  
15.300  
29.800  
24.300  
13.600  
10.200
2.400  
-1.000  
-2.300  
-3.600  
-4.800  
-8.900 
-15.500 
-14.800  
-7.600   
0.000  
-2.000 
-14.800 
-22.500 
-37.400 
-36.500 
-25.100 
-16.400  
-1.400  
15.300  
30.200
39.300  
40.600  
38.500  
32.900  
18.300  
12.500   
7.000  
-0.100  
-6.800 
-13.000
-12.800 
-11.500 
-10.200  
-8.400 
-14.100 
-20.500 
-26.900 
-35.000 
-35.900 
-29.700
-22.700   
1.800   
9.900  
20.300  
25.600  
19.900  
16.000  
10.700  
15.600  
19.800
24.200  
14.100   
5.500  
-6.600  
-9.700  
-2.600   
1.600  
10.000   
9.400   
3.900
0.000  
-6.600  
-9.900 
-10.900 
-11.500 
-13.100 
-16.800 
-19.900 
-10.400  
-1.000
5.500  
12.900 
20.000  
19.900  
16.900  
14.300  
10.900  
12.800  
15.200  
13.700
11.700   
