$ HOLLYWOOD STORAGE P.E. LOT, LOS ANGELES 
$CHAN  2:  90 DEG               
$SAN FERNANDO EARTHQUAKE OF FEBRUARY 9, 1971 - 0600 PST   
$ 3974 POINTS OF ACCEL DATA EQUALLY SPACED AT  .020 SEC.  (单位: CM/SEC/SEC)
$ 总长79.48秒， 步长0.02秒。
11.0000
8.2000
-0.2000
-16.0000
-17.4000
-8.7000
-2.6000
3.8000
7.3000
9.1000
7.1000
-0.9000
-7.2000
-7.9000
-4.6000
-1.3000
-8.4000
-18.9000
-8.6000
10.4000
13.3000
10.7000
13.8000
5.7000
-7.4000
-9.4000
-6.3000
-4.3000
2.3000
10.2000
10.6000
2.3000
-7.1000
-12.7000
-9.7000
-3.3000
1.8000
7.5000
6.3000
-4.0000
-15.5000
-22.1000
-5.5000
20.4000
24.5000
6.5000
-17.4000
-21.1000
2.0000
17.5000
24.8000
31.6000
26.5000
8.1000
-4.9000
-11.8000
-23.7000
-23.0000
-6.4000
-0.3000
-7.0000
-9.7000
-14.1000
-24.6000
-26.6000
-17.0000
-3.7000
5.8000
5.9000
6.7000
15.7000
20.0000
12.7000
0.4000
-18.9000
-32.3000
-11.3000
47.9000
115.1000
129.0000
96.2000
69.5000
53.0000
44.2000
47.9000
27.0000
-33.1000
-88.3000
-118.6000
-111.5000
-48.4000
4.0000
-14.0000
-68.2000
-110.4000
-120.0000
-73.5000
15.9000
58.8000
-5.4000
-68.2000
-22.1000
50.4000
41.9000
-2.9000
-2.3000
15.8000
32.8000
55.9000
44.6000
7.7000
15.8000
45.9000
22.8000
-30.5000
-16.6000
70.7000
101.6000
47.2000
6.5000
20.3000
51.0000
51.9000
50.6000
75.2000
76.0000
41.7000
19.3000
-3.6000
-50.4000
-96.3000
-109.6000
-97.4000
-72.8000
-25.7000
66.4000
168.8000
162.3000
62.7000
5.0000
9.3000
10.3000
-37.3000
-110.1000
-145.1000
-90.8000
0.6000
-14.9000
-113.4000
-166.4000
-132.8000
-55.9000
-25.9000
-60.7000
-88.9000
-68.9000
-37.2000
-28.2000
-24.1000
19.0000
70.6000
76.1000
71.1000
123.1000
174.2000
146.3000
8.8000
-154.0000
-207.0000
-156.1000
-54.7000
43.3000
106.5000
140.6000
157.5000
156.6000
129.0000
100.7000
79.1000
53.7000
30.0000
13.9000
-4.7000
-56.6000
-121.4000
-147.4000
-109.4000
-27.8000
16.1000
-13.5000
-26.8000
34.9000
76.9000
53.7000
41.7000
53.9000
60.0000
59.0000
39.6000
17.9000
6.9000
-10.9000
-9.3000
43.3000
65.2000
-7.4000
-106.3000
-161.0000
-109.2000
21.2000
87.4000
68.3000
20.1000
-15.7000
-41.6000
-90.3000
-150.4000
-176.0000
-118.8000
-25.4000
44.5000
78.0000
75.6000
39.6000
10.2000
-7.9000
-54.8000
-124.8000
-152.6000
-99.8000
-22.2000
-22.7000
-73.4000
-68.4000
4.0000
52.6000
66.3000
92.5000
129.2000
124.7000
47.8000
-2.7000
34.3000
96.0000
110.2000
46.8000
-52.3000
-91.9000
-48.2000
43.8000
141.0000
162.3000
80.0000
6.7000
18.7000
54.9000
56.4000
25.6000
8.7000
25.8000
49.5000
62.1000
60.6000
13.0000
-48.2000
-64.2000
-63.0000
-65.5000
-60.3000
-19.7000
19.4000
-9.3000
-68.4000
-91.2000
-73.4000
-48.6000
-58.7000
-91.2000
-85.8000
-54.2000
-37.4000
-22.3000
-1.5000
20.9000
48.4000
70.6000
44.0000
-42.4000
-106.9000
-98.4000
-45.8000
26.3000
99.1000
133.9000
133.4000
109.1000
56.6000
-4.6000
-39.0000
-37.6000
-10.3000
16.0000
-3.4000
-54.9000
-74.9000
-50.8000
1.6000
51.3000
52.7000
30.4000
25.9000
25.5000
13.7000
7.8000
37.2000
73.1000
73.2000
49.5000
16.6000
-24.9000
-55.0000
-57.4000
-34.5000
-9.8000
-8.7000
-21.8000
-15.2000
10.7000
11.9000
1.4000
30.4000
74.0000
85.3000
76.6000
69.5000
46.6000
6.5000
-12.3000
-5.1000
-19.8000
-55.4000
-41.0000
18.8000
35.6000
17.1000
19.3000
29.0000
6.4000
-46.2000
-92.9000
-119.6000
-148.8000
-175.3000
-169.4000
-136.1000
-99.2000
-76.7000
-68.0000
-76.7000
-104.9000
-116.1000
-75.2000
-14.8000
20.5000
31.6000
29.5000
21.0000
6.7000
-13.7000
-38.9000
-59.5000
-75.0000
-70.8000
-21.0000
40.5000
56.5000
36.2000
21.5000
32.4000
49.5000
44.6000
14.5000
-6.8000
0.9000
7.3000
-7.9000
-15.9000
13.1000
48.2000
61.5000
57.6000
41.0000
15.5000
-0.8000
0.1000
6.7000
-1.1000
-28.8000
-43.4000
-22.7000
-3.4000
-21.0000
-52.9000
-61.3000
-33.5000
8.2000
26.6000
19.5000
3.9000
-7.5000
-9.9000
-7.8000
-4.0000
-1.5000
-12.2000
-39.6000
-54.8000
-38.7000
-25.3000
-32.3000
-35.8000
-26.2000
-20.4000
-25.0000
-12.9000
27.4000
57.1000
47.6000
16.2000
0.0000
17.5000
45.9000
55.2000
56.9000
66.7000
76.1000
76.0000
61.0000
32.0000
10.2000
8.1000
12.3000
12.4000
7.5000
7.2000
19.1000
37.1000
54.3000
65.9000
67.4000
61.6000
49.2000
31.8000
22.2000
26.1000
37.9000
57.4000
73.3000
75.9000
70.0000
62.1000
56.8000
57.0000
59.3000
55.6000
43.2000
29.0000
25.8000
31.7000
30.7000
21.2000
21.8000
35.2000
39.3000
27.6000
10.3000
-6.9000
-19.6000
-21.5000
-15.5000
-5.9000
1.9000
-2.5000
-15.4000
-17.4000
-8.1000
-5.6000
-12.1000
-15.4000
-14.1000
-16.9000
-22.8000
-23.6000
-22.8000
-28.5000
-32.2000
-29.7000
-29.6000
-30.8000
-26.9000
-13.6000
-0.8000
2.5000
5.7000
12.7000
22.3000
33.6000
37.5000
32.8000
26.5000
19.2000
8.0000
-7.3000
-20.7000
-28.1000
-35.2000
-43.8000
-47.8000
-45.8000
-42.6000
-40.2000
-34.5000
-24.0000
-8.4000
12.0000
24.1000
23.7000
20.3000
18.1000
17.1000
11.2000
-3.5000
-6.0000
9.4000
13.3000
-2.2000
-12.9000
-9.8000
-13.3000
-31.4000
-47.5000
-51.4000
-44.4000
-38.1000
-40.7000
-41.3000
-23.0000
1.9000
9.0000
-1.1000
-10.3000
-12.8000
-18.3000
-21.0000
-9.7000
-4.3000
-23.1000
-43.3000
-44.5000
-35.2000
-28.4000
-27.8000
-31.5000
-33.6000
-31.0000
-29.1000
-29.8000
-26.2000
-21.3000
-20.5000
-19.5000
-18.2000
-17.5000
-14.1000
-9.8000
-7.5000
-4.2000
2.0000
7.0000
4.9000
-5.9000
-18.7000
-24.3000
-22.1000
-19.8000
-24.9000
-32.9000
-33.2000
-22.1000
-8.3000
-0.1000
3.7000
9.8000
15.9000
19.2000
21.4000
20.3000
16.1000
11.2000
7.9000
4.1000
-0.7000
-3.8000
-5.9000
-6.0000
-3.8000
-1.4000
-2.7000
-7.9000
-13.2000
-14.5000
-11.2000
-7.8000
-8.8000
-13.2000
-15.9000
-15.5000
-11.5000
-5.9000
-0.5000
4.6000
12.9000
26.2000
35.7000
37.4000
38.0000
38.7000
35.1000
27.1000
20.5000
19.4000
21.5000
19.9000
15.7000
14.3000
8.9000
-1.4000
-2.7000
7.4000
19.2000
26.0000
30.2000
32.0000
28.7000
18.0000
6.7000
5.9000
12.5000
18.8000
21.7000
23.2000
21.9000
15.7000
8.4000
8.3000
16.5000
21.4000
16.4000
12.3000
15.6000
21.4000
17.1000
4.3000
1.0000
9.9000
16.9000
16.9000
16.7000
16.5000
14.7000
13.7000
13.9000
11.6000
8.4000
9.9000
16.8000
27.3000
31.4000
25.0000
22.1000
27.2000
29.7000
22.8000
10.3000
0.4000
0.6000
8.3000
13.2000
6.5000
-7.5000
-16.2000
-17.3000
-17.3000
-15.7000
-7.2000
4.6000
9.3000
6.5000
2.6000
1.4000
2.3000
4.5000
5.8000
4.9000
1.2000
-5.2000
-10.5000
-14.4000
-20.4000
-26.5000
-29.7000
-34.0000
-37.9000
-33.7000
-24.9000
-22.3000
-26.3000
-27.8000
-24.6000
-20.8000
-18.7000
-18.0000
-18.2000
-21.1000
-23.8000
-22.0000
-18.0000
-16.0000
-18.3000
-22.8000
-26.1000
-20.2000
-7.3000
1.3000
2.8000
-2.5000
-10.3000
-14.9000
-13.7000
-6.7000
0.9000
3.8000
4.1000
2.4000
-1.8000
-4.1000
3.5000
17.2000
26.6000
29.4000
25.8000
21.2000
20.5000
19.5000
18.5000
21.9000
25.8000
20.7000
9.4000
2.1000
2.3000
6.5000
8.6000
8.0000
8.2000
10.1000
5.2000
-13.0000
-27.4000
-21.9000
-7.0000
-1.8000
-5.1000
-8.5000
-13.1000
-18.4000
-22.6000
-24.9000
-22.1000
-14.3000
-6.5000
-4.6000
-5.2000
-1.7000
2.8000
6.5000
9.6000
14.2000
22.0000
27.4000
26.1000
15.5000
-3.6000
-14.6000
-8.4000
-1.0000
-2.7000
-2.2000
4.9000
7.4000
1.9000
-4.3000
-8.6000
-13.3000
-14.1000
-6.7000
2.1000
1.8000
-4.7000
-5.5000
-1.8000
0.4000
-0.1000
-5.7000
-12.5000
-17.8000
-24.3000
-30.9000
-32.8000
-30.2000
-25.6000
-20.6000
-18.3000
-14.7000
-6.8000
-4.1000
-12.4000
-22.3000
-23.4000
-17.7000
-15.2000
-14.7000
-10.7000
-6.4000
-5.4000
-4.7000
-0.3000
4.4000
5.4000
6.0000
8.5000
10.5000
12.4000
17.2000
21.6000
19.0000
12.0000
8.3000
9.9000
14.2000
16.2000
14.0000
12.1000
15.3000
22.0000
27.0000
29.2000
27.1000
21.5000
14.3000
8.0000
4.6000
2.7000
0.8000
2.2000
7.5000
16.0000
26.9000
29.2000
22.8000
19.5000
15.6000
5.8000
-2.7000
-3.8000
-2.4000
-5.6000
-10.5000
-12.3000
-12.0000
-11.3000
-10.7000
-9.8000
-9.9000
-13.5000
-18.4000
-17.7000
-9.3000
-2.2000
-0.1000
1.0000
-0.3000
-7.3000
-13.7000
-8.5000
2.0000
6.4000
8.4000
11.2000
11.6000
9.1000
7.2000
7.5000
8.3000
8.0000
9.0000
11.3000
11.7000
6.6000
-3.9000
-10.9000
-10.8000
-7.7000
-3.8000
-1.7000
-2.2000
-2.8000
-3.5000
-7.8000
-13.1000
-14.3000
-14.7000
-16.1000
-16.7000
-15.9000
-11.7000
-4.1000
-1.4000
-5.0000
-8.3000
-10.1000
-10.5000
-9.4000
-7.8000
-8.0000
-6.4000
2.0000
8.7000
7.3000
5.4000
4.6000
1.8000
0.1000
1.9000
7.4000
14.7000
17.1000
12.7000
6.1000
4.2000
8.2000
10.4000
7.3000
3.5000
1.4000
1.6000
3.1000
2.5000
0.1000
0.0000
2.9000
6.5000
8.5000
6.8000
5.7000
9.2000
10.1000
7.5000
9.9000
15.3000
16.1000
12.5000
9.4000
9.6000
11.2000
11.9000
13.4000
15.1000
13.4000
8.9000
6.6000
8.4000
8.6000
4.3000
2.0000
4.3000
8.9000
10.7000
6.4000
1.4000
1.7000
3.5000
0.5000
-6.4000
-12.3000
-13.3000
-8.8000
-2.5000
2.0000
3.4000
-1.3000
-11.0000
-18.1000
-19.5000
-20.8000
-23.4000
-24.6000
-22.0000
-15.3000
-10.0000
-10.6000
-14.1000
-16.5000
-19.1000
-23.2000
-24.6000
-20.4000
-15.0000
-13.5000
-13.3000
-8.2000
0.2000
6.6000
8.0000
2.9000
-3.8000
-6.4000
-6.9000
-5.3000
-0.2000
6.0000
11.5000
13.4000
11.2000
9.7000
8.4000
3.1000
-3.0000
-3.6000
-0.9000
-0.3000
-1.4000
0.1000
6.0000
12.0000
14.4000
13.6000
9.8000
5.8000
3.1000
-2.0000
-6.5000
-3.4000
2.3000
1.9000
-2.4000
-5.5000
-4.5000
-0.2000
1.2000
-1.9000
-4.4000
-4.2000
-3.3000
-6.0000
-10.4000
-6.5000
4.9000
11.0000
9.2000
6.4000
7.4000
8.9000
7.8000
6.2000
6.6000
8.1000
10.1000
12.8000
13.1000
4.0000
-4.7000
-1.8000
4.7000
8.3000
9.8000
9.6000
9.4000
8.8000
4.2000
-1.8000
-4.0000
-4.2000
-6.3000
-10.1000
-13.1000
-14.8000
-13.0000
-5.4000
2.6000
4.8000
2.0000
0.4000
1.1000
-3.1000
-10.9000
-12.4000
-8.1000
-4.6000
-2.0000
0.5000
-1.0000
-7.4000
-14.4000
-16.7000
-13.4000
-8.4000
-4.9000
-2.1000
0.5000
0.4000
-2.1000
-3.3000
-1.6000
1.2000
2.3000
3.0000
5.3000
5.8000
2.4000
-0.5000
-0.2000
1.4000
1.8000
1.7000
4.4000
8.3000
10.6000
11.1000
9.7000
6.6000
5.2000
7.3000
9.0000
7.4000
5.4000
3.8000
2.2000
2.5000
4.1000
2.3000
-3.2000
-7.0000
-7.5000
-7.9000
-10.1000
-12.0000
-9.4000
-2.3000
2.6000
2.8000
0.4000
-3.0000
-6.1000
-7.8000
-7.7000
-6.5000
-4.6000
-1.7000
1.8000
5.6000
9.3000
11.0000
11.0000
9.6000
6.6000
3.0000
1.6000
2.4000
2.0000
-1.0000
-3.8000
-2.6000
0.4000
0.3000
-2.0000
-2.1000
-0.1000
0.5000
0.4000
1.7000
3.7000
4.2000
2.8000
1.5000
3.3000
5.8000
2.9000
-4.3000
-6.4000
-2.4000
1.3000
2.4000
1.5000
-0.3000
-1.6000
-3.3000
-6.1000
-7.9000
-8.4000
-8.7000
-7.1000
-4.3000
-2.3000
-0.3000
2.7000
5.9000
9.3000
11.9000
11.1000
7.0000
2.8000
2.2000
6.2000
10.5000
11.4000
10.3000
9.0000
6.8000
5.0000
5.6000
5.2000
1.4000
-2.1000
-1.4000
0.9000
1.7000
0.4000
-0.8000
0.0000
2.0000
3.5000
4.3000
6.2000
9.5000
7.7000
-0.4000
-7.2000
-8.3000
-5.3000
-0.4000
-0.6000
-7.0000
-12.3000
-12.9000
-13.6000
-16.0000
-15.4000
-10.8000
-5.6000
-2.3000
-1.8000
-2.7000
-1.7000
1.4000
3.1000
1.8000
-1.6000
-5.8000
-9.9000
-11.2000
-8.9000
-4.5000
1.1000
5.6000
6.1000
3.3000
-1.4000
-5.2000
-4.9000
-2.1000
-0.6000
-1.5000
-2.2000
-0.9000
2.4000
5.6000
7.1000
6.3000
3.7000
1.2000
0.0000
-0.6000
-0.8000
1.7000
6.2000
9.4000
10.2000
10.3000
9.3000
6.3000
2.6000
0.4000
0.6000
0.6000
-1.3000
-2.0000
1.9000
8.9000
12.0000
9.3000
5.1000
2.6000
2.7000
1.8000
-1.9000
-6.2000
-8.4000
-8.8000
-8.7000
-7.1000
-3.7000
-0.5000
3.7000
8.5000
9.4000
6.4000
3.1000
1.7000
-0.1000
-4.1000
-5.1000
-0.9000
3.1000
4.1000
4.0000
3.8000
2.2000
0.4000
-0.4000
-2.8000
-6.8000
-8.3000
-6.1000
-2.6000
-1.9000
-4.1000
-6.7000
-10.0000
-14.6000
-19.1000
-20.8000
-19.4000
-16.5000
-12.4000
-7.8000
-3.9000
-1.3000
-0.4000
0.2000
1.7000
2.1000
0.7000
1.2000
4.0000
5.3000
3.7000
1.9000
0.9000
-0.5000
-1.3000
-0.6000
0.7000
1.2000
-1.5000
-4.4000
-4.3000
-4.1000
-4.5000
-4.7000
-3.8000
-2.8000
-2.5000
-1.8000
-0.9000
-2.5000
-6.3000
-7.2000
-5.3000
-2.3000
1.7000
7.4000
11.7000
10.0000
5.5000
2.1000
0.0000
-1.8000
-4.6000
-6.6000
-5.5000
-2.3000
1.4000
3.4000
3.1000
1.0000
-1.3000
-2.0000
-0.8000
1.9000
3.9000
3.8000
0.4000
-3.8000
-4.0000
-0.6000
2.5000
2.2000
-0.6000
-1.7000
-1.7000
-2.4000
-2.5000
-0.9000
1.0000
2.3000
2.8000
3.6000
4.3000
3.9000
2.1000
0.7000
2.7000
6.3000
7.5000
8.3000
10.4000
9.7000
4.2000
-0.2000
0.1000
0.5000
-1.7000
-3.6000
-2.8000
-1.7000
-1.9000
-1.8000
1.2000
5.7000
8.5000
9.3000
8.9000
6.7000
3.6000
2.7000
6.1000
9.3000
7.3000
2.5000
-0.2000
-0.3000
0.4000
1.7000
2.6000
2.3000
2.5000
5.2000
8.3000
7.2000
3.7000
0.6000
-1.8000
-3.5000
-5.0000
-5.5000
-4.9000
-5.4000
-7.1000
-8.2000
-7.1000
-4.4000
-1.8000
0.2000
1.4000
1.1000
-0.6000
-0.8000
1.3000
3.3000
5.7000
8.7000
10.2000
10.3000
9.9000
10.3000
11.0000
10.2000
7.5000
3.9000
2.2000
2.6000
3.3000
3.4000
2.4000
0.5000
-0.4000
0.2000
0.6000
-0.2000
-0.5000
0.7000
1.7000
0.5000
-0.4000
0.3000
1.2000
0.8000
-1.7000
-4.9000
-6.0000
-4.1000
-2.0000
-2.7000
-5.1000
-5.2000
-2.2000
-0.2000
-1.4000
-1.3000
3.3000
6.1000
-0.7000
-13.1000
-20.5000
-24.3000
-32.4000
-37.8000
-30.5000
-8.2000
12.6000
20.7000
22.8000
18.9000
4.1000
-4.4000
2.6000
9.1000
9.9000
7.6000
1.8000
-2.0000
-7.2000
-13.2000
-12.0000
-7.6000
-7.1000
-15.2000
-26.6000
-24.5000
-3.3000
11.0000
-1.0000
-16.3000
-13.4000
-3.0000
6.3000
13.0000
11.0000
-2.9000
-13.7000
-11.6000
-5.7000
-2.8000
-3.3000
-2.2000
3.0000
5.9000
0.2000
-4.0000
2.8000
15.3000
24.4000
25.2000
8.6000
-9.4000
-7.3000
6.4000
14.2000
11.2000
7.0000
5.6000
-0.4000
-3.0000
6.0000
10.8000
5.6000
1.0000
-2.7000
-8.7000
-11.4000
-8.7000
-7.2000
-5.4000
0.6000
4.8000
1.7000
-3.6000
-2.0000
2.6000
0.9000
-3.5000
-2.7000
-1.8000
-5.0000
-3.9000
1.7000
3.6000
0.9000
-2.6000
-2.0000
2.5000
5.8000
5.7000
4.5000
5.3000
7.4000
7.7000
4.7000
2.1000
-0.8000
-6.5000
-7.8000
0.0000
11.8000
18.4000
14.1000
7.9000
10.1000
15.1000
12.7000
4.5000
-2.4000
-5.9000
-5.3000
-1.0000
2.9000
5.1000
3.1000
-3.2000
-6.8000
-5.8000
-2.2000
3.8000
6.1000
4.6000
4.8000
6.4000
7.5000
6.8000
5.9000
8.5000
11.0000
10.0000
7.2000
5.0000
4.4000
4.1000
3.7000
3.0000
2.8000
2.9000
2.5000
2.0000
1.2000
-1.6000
-6.2000
-9.6000
-7.9000
-1.5000
4.3000
6.5000
5.7000
3.7000
0.3000
-4.9000
-7.6000
-4.2000
1.6000
0.7000
-10.3000
-19.5000
-17.4000
-6.2000
3.3000
1.9000
-4.9000
-8.6000
-10.1000
-10.5000
-9.0000
-8.3000
-10.7000
-14.0000
-15.0000
-14.6000
-15.2000
-16.1000
-15.8000
-13.9000
-9.5000
-4.1000
-1.1000
-0.8000
-0.4000
0.0000
-0.4000
0.1000
1.9000
3.7000
3.8000
3.2000
5.2000
8.3000
7.7000
4.3000
2.3000
3.1000
3.7000
3.1000
3.7000
5.4000
6.2000
5.5000
3.3000
0.3000
-0.9000
0.2000
2.4000
4.9000
6.0000
5.6000
4.3000
1.6000
-0.5000
0.5000
2.9000
4.4000
3.1000
-0.2000
-2.1000
-2.7000
-4.8000
-8.2000
-10.0000
-9.3000
-5.9000
-1.7000
2.1000
5.3000
5.9000
3.6000
1.9000
2.1000
3.1000
1.1000
-4.6000
-8.7000
-8.0000
-4.1000
-1.3000
0.1000
1.8000
2.6000
2.1000
1.9000
2.1000
2.4000
3.9000
5.9000
6.0000
3.7000
-0.5000
-3.6000
-3.7000
-1.9000
-0.2000
1.1000
1.4000
0.4000
-0.7000
-0.4000
-0.3000
-0.3000
3.0000
7.9000
9.2000
7.7000
5.5000
3.6000
2.2000
2.0000
2.7000
1.9000
-0.1000
-1.5000
-1.3000
-1.3000
-2.7000
-5.0000
-5.1000
-3.6000
-3.6000
-3.3000
-1.0000
1.6000
2.7000
0.7000
-2.8000
-3.9000
-3.8000
-4.3000
-3.9000
-0.8000
3.7000
5.9000
5.4000
4.3000
5.2000
7.6000
8.6000
6.2000
2.6000
0.4000
-0.7000
-3.3000
-5.5000
-5.8000
-5.1000
-3.6000
-2.1000
-1.1000
-0.3000
-0.7000
-1.4000
-0.9000
-1.5000
-5.7000
-9.5000
-8.7000
-5.9000
-5.0000
-4.9000
-4.4000
-3.6000
-2.1000
-1.0000
-0.9000
-2.1000
-4.0000
-5.4000
-6.4000
-6.0000
-3.2000
0.0000
1.7000
2.4000
2.6000
2.4000
2.2000
2.1000
2.3000
3.0000
3.9000
4.6000
4.4000
2.7000
1.3000
1.4000
1.5000
0.7000
0.4000
0.8000
2.4000
4.1000
3.3000
0.4000
-2.1000
-3.1000
-4.0000
-5.1000
-3.9000
-1.3000
0.3000
0.9000
0.8000
0.8000
1.2000
1.5000
1.4000
1.6000
1.9000
1.3000
0.4000
-0.2000
0.0000
0.7000
0.8000
1.6000
2.1000
0.8000
-1.0000
-0.6000
2.4000
3.5000
2.4000
2.4000
3.1000
3.1000
2.8000
2.2000
0.8000
0.2000
2.0000
4.2000
4.4000
2.3000
-0.2000
-0.4000
1.2000
2.8000
3.4000
3.4000
3.3000
3.2000
4.1000
5.1000
4.9000
4.5000
4.5000
3.3000
0.3000
-1.5000
-0.1000
1.4000
1.3000
0.4000
-1.0000
-2.8000
-4.1000
-4.4000
-2.9000
-1.0000
-2.7000
-6.9000
-7.5000
-3.7000
-0.9000
-0.3000
-1.3000
-3.9000
-5.9000
-4.3000
-0.1000
2.7000
2.4000
1.2000
0.8000
0.4000
-0.4000
-1.5000
-3.5000
-5.5000
-5.1000
-1.7000
1.9000
1.6000
-0.2000
-1.1000
-0.8000
0.6000
1.2000
-0.8000
-3.8000
-5.8000
-4.8000
-1.5000
0.5000
1.7000
3.3000
3.5000
1.7000
0.0000
-0.3000
-0.6000
-0.8000
-0.3000
1.3000
3.1000
3.9000
2.9000
1.2000
0.4000
0.1000
-0.9000
-3.2000
-5.1000
-5.9000
-6.2000
-6.3000
-5.8000
-5.0000
-5.2000
-6.0000
-6.6000
-6.0000
-4.6000
-3.8000
-4.3000
-4.9000
-5.0000
-5.0000
-4.8000
-3.9000
-3.4000
-3.9000
-4.2000
-3.9000
-4.5000
-6.2000
-7.8000
-6.9000
-4.9000
-5.3000
-7.2000
-6.9000
-5.1000
-3.3000
-3.0000
-3.9000
-4.2000
-4.1000
-3.8000
-3.2000
-2.4000
-0.9000
1.0000
1.6000
1.2000
1.9000
3.7000
4.5000
4.4000
3.9000
3.3000
3.1000
3.3000
3.3000
3.0000
2.5000
1.8000
1.5000
2.0000
2.8000
3.1000
3.0000
3.0000
3.4000
3.8000
3.8000
4.0000
5.2000
6.5000
7.2000
7.3000
6.7000
5.1000
2.8000
0.9000
0.8000
1.7000
2.6000
3.6000
4.9000
6.0000
5.6000
4.1000
3.5000
5.5000
8.3000
9.0000
8.0000
6.9000
7.8000
9.9000
9.5000
6.4000
4.2000
4.3000
5.0000
5.0000
4.4000
3.6000
3.2000
3.4000
2.7000
2.0000
3.0000
4.7000
4.9000
4.0000
4.3000
5.5000
5.6000
4.7000
3.3000
1.1000
-0.7000
-0.9000
-0.8000
-1.2000
-2.7000
-4.2000
-4.7000
-4.8000
-5.0000
-5.1000
-4.3000
-3.9000
-4.0000
-3.7000
-3.1000
-2.6000
-2.9000
-3.9000
-4.2000
-2.8000
-1.4000
-1.7000
-2.8000
-3.9000
-4.5000
-5.1000
-6.0000
-6.7000
-6.9000
-6.5000
-4.9000
-2.7000
-1.7000
-1.6000
-1.8000
-1.8000
-0.5000
0.4000
0.3000
-0.3000
-0.3000
0.5000
1.2000
1.1000
1.0000
1.9000
2.6000
2.0000
0.9000
0.3000
-0.3000
-1.7000
-2.3000
-1.2000
-0.8000
-1.2000
-0.5000
1.6000
2.6000
2.1000
2.2000
3.0000
3.5000
2.8000
1.4000
0.1000
-0.8000
-1.7000
-1.7000
-0.6000
0.3000
0.7000
0.7000
0.0000
-0.2000
0.5000
1.4000
1.4000
1.4000
2.9000
4.4000
4.2000
3.4000
3.3000
3.8000
3.6000
2.3000
0.1000
-1.1000
-0.7000
0.3000
1.0000
0.2000
-1.2000
-1.8000
-1.8000
-1.8000
-1.4000
-0.2000
0.2000
-0.4000
-0.6000
-0.6000
-1.1000
-1.6000
-2.1000
-2.2000
-1.8000
-1.1000
-0.7000
-1.5000
-2.3000
-1.5000
-0.8000
-1.6000
-2.6000
-3.1000
-3.9000
-5.0000
-5.0000
-3.3000
-1.6000
-0.5000
1.2000
2.6000
2.8000
2.1000
1.3000
0.5000
-0.4000
-1.5000
-2.3000
-2.5000
-2.8000
-2.9000
-1.9000
-0.1000
1.9000
3.8000
4.8000
4.3000
3.1000
2.1000
1.4000
-0.1000
-1.9000
-3.3000
-3.8000
-3.3000
-3.2000
-3.2000
-2.2000
-1.8000
-2.1000
-1.3000
0.6000
1.7000
1.5000
0.7000
0.8000
2.6000
5.2000
5.7000
4.3000
2.8000
1.7000
0.3000
-1.2000
-2.7000
-3.2000
-2.6000
-1.6000
-0.8000
-0.2000
-0.2000
-1.0000
-1.8000
-1.1000
0.8000
2.4000
2.7000
2.4000
1.9000
1.2000
0.7000
0.4000
0.3000
0.0000
-0.4000
-0.7000
-0.2000
0.6000
1.3000
1.0000
0.3000
0.3000
1.0000
1.8000
1.2000
-0.2000
-1.1000
-1.5000
-1.2000
-0.1000
1.0000
1.8000
2.3000
2.5000
2.3000
2.5000
2.7000
2.7000
2.4000
1.8000
1.4000
1.2000
1.4000
1.7000
2.2000
3.1000
4.3000
5.1000
4.6000
3.9000
3.3000
2.2000
0.6000
-0.5000
-0.6000
-0.7000
-0.9000
-1.2000
-1.2000
-1.0000
-0.3000
1.1000
2.0000
1.2000
-0.5000
-1.7000
-2.3000
-2.6000
-2.7000
-2.2000
-1.6000
-1.9000
-2.2000
-2.0000
-1.8000
-1.7000
-1.1000
-0.3000
-0.7000
-2.1000
-3.7000
-4.8000
-4.5000
-3.0000
-1.9000
-2.0000
-2.8000
-3.6000
-4.4000
-5.3000
-6.2000
-6.3000
-5.1000
-3.3000
-1.3000
-0.6000
-1.3000
-1.8000
-1.5000
-1.2000
-1.6000
-2.3000
-2.9000
-3.2000
-3.6000
-3.4000
-2.9000
-2.9000
-2.6000
-0.5000
2.8000
4.3000
3.1000
0.8000
-1.0000
-1.4000
-1.3000
-1.5000
-1.3000
-0.8000
-0.5000
0.3000
1.6000
1.8000
1.0000
0.5000
1.4000
3.0000
3.4000
2.6000
2.7000
3.5000
3.6000
3.1000
2.5000
3.2000
5.2000
6.7000
7.1000
6.9000
6.6000
6.9000
7.2000
6.6000
5.5000
4.3000
3.5000
3.2000
3.0000
2.2000
0.7000
-0.5000
-0.8000
-0.4000
0.3000
1.6000
3.3000
4.5000
4.2000
2.4000
0.7000
0.8000
1.6000
2.3000
3.2000
3.6000
3.3000
2.3000
2.6000
4.0000
4.5000
3.9000
3.7000
3.4000
2.1000
1.0000
0.4000
-0.7000
-1.7000
0.3000
4.4000
6.0000
4.6000
3.9000
4.6000
2.8000
-0.9000
-2.9000
-3.7000
-4.3000
-4.3000
-2.8000
-1.1000
-1.0000
-1.8000
-2.5000
-2.8000
-2.5000
-2.7000
-3.4000
-3.4000
-2.3000
-2.0000
-2.4000
-2.6000
-2.5000
-2.9000
-3.8000
-4.6000
-5.3000
-4.7000
-3.4000
-2.7000
-2.6000
-2.8000
-3.1000
-3.1000
-3.0000
-3.3000
-3.9000
-4.8000
-5.4000
-5.1000
-4.3000
-2.9000
-1.7000
-2.4000
-5.4000
-7.5000
-7.1000
-6.9000
-7.2000
-6.9000
-6.2000
-6.1000
-6.3000
-5.7000
-5.3000
-5.8000
-6.1000
-5.5000
-4.3000
-2.4000
-0.8000
-0.1000
-0.6000
-1.6000
-2.8000
-3.1000
-2.4000
-2.2000
-2.0000
-1.3000
-1.4000
-2.0000
-2.3000
-2.7000
-2.9000
-2.6000
-2.4000
-2.0000
-0.8000
0.9000
1.7000
1.7000
1.4000
0.8000
-0.1000
-1.6000
-2.5000
-2.3000
-2.1000
-2.6000
-3.2000
-2.7000
-2.1000
-2.3000
-2.8000
-1.6000
0.9000
1.5000
1.0000
1.3000
1.6000
1.8000
2.6000
3.7000
4.6000
4.9000
5.2000
5.8000
6.4000
6.9000
7.1000
7.2000
7.2000
6.8000
6.2000
5.5000
5.7000
6.6000
7.0000
6.5000
6.1000
5.8000
4.7000
2.8000
0.6000
-0.8000
-0.2000
1.2000
1.5000
0.9000
0.8000
1.8000
2.3000
2.1000
1.7000
1.6000
1.9000
2.1000
1.9000
0.8000
-0.6000
-1.3000
-1.7000
-2.0000
-2.7000
-3.1000
-2.5000
-1.8000
-1.2000
-0.1000
1.3000
2.2000
2.6000
2.5000
2.0000
1.7000
1.5000
1.1000
0.6000
0.4000
0.9000
1.9000
2.2000
2.2000
2.2000
2.3000
1.9000
1.2000
0.7000
0.9000
1.0000
0.5000
-0.2000
-0.5000
-0.6000
-0.7000
-1.0000
-1.1000
-1.1000
-1.2000
-1.5000
-1.1000
0.0000
0.8000
0.6000
0.3000
0.5000
1.6000
2.6000
2.5000
1.6000
0.8000
0.1000
-1.0000
-2.6000
-4.2000
-3.8000
-2.0000
-1.2000
-1.9000
-2.6000
-1.9000
-1.1000
-0.9000
-0.7000
0.0000
0.5000
0.0000
-0.5000
-0.7000
-1.0000
-1.4000
-1.1000
-0.6000
-0.8000
-0.6000
0.0000
0.5000
0.7000
0.1000
-0.2000
0.8000
1.1000
0.3000
-0.6000
-0.7000
-0.2000
-0.4000
-0.4000
0.9000
1.8000
1.2000
0.1000
-1.1000
-2.7000
-4.1000
-3.7000
-2.0000
-0.2000
1.6000
2.8000
2.9000
2.7000
2.8000
2.4000
0.9000
0.1000
1.3000
3.0000
2.7000
1.7000
2.1000
2.4000
1.6000
0.3000
-1.6000
-3.4000
-2.2000
-0.1000
-1.4000
-4.7000
-4.5000
-1.4000
-0.9000
-0.7000
2.5000
3.2000
-0.2000
-2.0000
-1.6000
-2.8000
-4.9000
-4.5000
-0.6000
2.6000
-1.6000
-9.5000
-12.3000
-8.8000
-2.1000
2.3000
2.5000
1.1000
0.0000
-1.1000
-3.1000
-4.5000
-3.7000
-2.2000
-1.7000
-1.9000
-1.9000
-2.4000
-4.1000
-5.0000
-3.8000
-1.8000
-0.9000
-1.2000
-1.5000
-1.6000
-3.0000
-3.6000
-2.4000
-2.0000
-3.2000
-3.3000
-1.8000
-0.7000
0.1000
0.0000
-0.7000
0.1000
1.7000
2.2000
2.3000
2.5000
2.2000
1.9000
2.1000
2.9000
3.9000
4.7000
4.4000
3.5000
4.2000
5.0000
4.1000
3.9000
4.3000
3.3000
1.4000
0.0000
-0.1000
0.6000
2.3000
4.7000
5.8000
5.7000
4.7000
3.6000
3.5000
3.2000
1.6000
0.2000
0.2000
-0.4000
-1.4000
-1.0000
0.3000
1.5000
2.8000
3.8000
4.1000
3.6000
2.6000
1.8000
1.8000
2.5000
3.5000
3.4000
2.2000
0.8000
-0.3000
-1.5000
-1.7000
-0.7000
-0.1000
-0.3000
0.1000
0.6000
0.2000
0.1000
0.9000
1.3000
0.8000
0.2000
0.1000
0.6000
1.6000
2.3000
2.1000
1.6000
1.5000
1.7000
1.4000
0.7000
0.3000
0.4000
0.6000
0.9000
1.0000
0.9000
0.9000
1.1000
1.0000
0.0000
-1.1000
-0.9000
-0.7000
-1.7000
-2.4000
-1.9000
-0.8000
0.4000
0.9000
0.2000
-0.5000
-0.2000
0.3000
0.4000
0.0000
-0.7000
-1.0000
-1.5000
-3.0000
-4.5000
-4.8000
-4.2000
-3.5000
-3.3000
-3.3000
-3.6000
-3.9000
-4.0000
-3.7000
-3.0000
-2.3000
-2.0000
-1.9000
-0.9000
0.7000
1.7000
2.1000
2.2000
2.1000
1.9000
1.3000
0.1000
-0.9000
-0.9000
-0.5000
-0.6000
-1.0000
-0.9000
-0.9000
-1.2000
-1.0000
-0.6000
-0.4000
0.2000
1.4000
1.9000
1.0000
0.4000
0.6000
0.5000
0.2000
0.5000
1.3000
1.6000
1.4000
1.5000
1.7000
1.5000
0.5000
-0.7000
-0.6000
0.8000
1.4000
0.7000
0.3000
0.6000
0.4000
-0.1000
0.1000
1.0000
1.6000
1.1000
-0.2000
-0.8000
-0.1000
0.1000
-0.5000
-1.0000
0.3000
1.9000
2.3000
2.4000
2.9000
2.9000
2.5000
2.5000
2.4000
2.1000
1.9000
2.1000
2.4000
2.6000
2.9000
3.7000
4.4000
4.3000
3.6000
3.2000
3.5000
3.7000
3.2000
2.0000
1.1000
1.1000
1.1000
1.2000
1.4000
1.6000
1.7000
1.1000
0.1000
-0.5000
-1.1000
-1.1000
-0.4000
0.0000
0.4000
1.1000
1.2000
0.9000
0.6000
0.4000
0.0000
-1.1000
-2.2000
-2.0000
-1.1000
-0.7000
-0.5000
-0.7000
-1.9000
-2.8000
-2.7000
-3.3000
-5.0000
-5.6000
-4.1000
-2.4000
-2.1000
-2.3000
-2.1000
-1.8000
-2.4000
-3.5000
-4.1000
-3.7000
-3.0000
-2.7000
-3.5000
-3.8000
-3.3000
-3.5000
-4.7000
-5.4000
-4.1000
-2.8000
-3.3000
-4.6000
-5.0000
-3.7000
-2.1000
-1.3000
-1.3000
-0.5000
0.3000
-0.8000
-1.6000
-0.2000
0.9000
0.4000
-0.5000
-0.6000
-0.3000
-0.3000
-1.1000
-2.6000
-4.0000
-4.4000
-3.7000
-2.4000
-1.5000
-1.2000
-1.2000
-1.5000
-1.4000
-0.4000
0.3000
0.5000
0.5000
0.7000
0.5000
0.0000
0.2000
0.5000
0.2000
0.3000
0.7000
0.7000
0.0000
-0.9000
-1.4000
-1.5000
-1.8000
-2.3000
-2.6000
-2.6000
-1.9000
-1.4000
-1.6000
-1.4000
-0.3000
0.6000
0.5000
0.3000
0.2000
0.2000
0.0000
0.1000
0.5000
1.0000
1.7000
2.5000
3.1000
3.4000
3.0000
2.9000
3.2000
3.2000
3.0000
3.2000
3.4000
3.6000
3.6000
4.2000
5.2000
5.7000
5.6000
4.9000
3.7000
2.7000
2.0000
1.4000
1.5000
2.4000
3.1000
2.7000
1.4000
0.8000
1.6000
2.1000
1.9000
1.4000
0.9000
1.1000
1.8000
1.5000
0.3000
0.1000
0.9000
1.3000
1.5000
1.8000
1.3000
0.6000
0.4000
0.3000
0.4000
0.5000
0.6000
0.6000
0.5000
0.9000
1.4000
1.4000
1.3000
0.9000
0.4000
0.1000
0.2000
0.3000
0.1000
-0.6000
-1.2000
-0.9000
-0.9000
-1.6000
-2.4000
-2.7000
-2.7000
-2.8000
-2.6000
-2.3000
-2.3000
-2.1000
-2.0000
-2.6000
-3.3000
-2.9000
-2.2000
-2.5000
-3.2000
-3.2000
-2.7000
-2.0000
-1.5000
-1.1000
-0.5000
-0.3000
-0.2000
-0.3000
-0.9000
-1.9000
-2.7000
-2.5000
-2.3000
-2.3000
-2.2000
-2.2000
-2.2000
-2.1000
-1.8000
-1.4000
-1.3000
-1.3000
-0.9000
-0.2000
0.0000
-0.1000
-0.1000
0.0000
-0.4000
-1.3000
-1.4000
-0.6000
0.2000
0.7000
1.2000
1.4000
1.4000
1.5000
1.5000
1.5000
1.6000
1.6000
1.6000
1.6000
1.6000
1.6000
1.6000
1.6000
1.7000
1.7000
1.7000
1.8000
1.9000
1.6000
0.4000
-0.8000
-1.3000
-1.5000
-1.7000
-2.0000
-2.2000
-2.4000
-2.5000
-2.5000
-2.1000
-1.8000
-2.1000
-2.5000
-2.6000
-2.3000
-2.2000
-1.9000
-1.4000
-0.9000
-0.7000
-0.7000
-0.7000
-0.7000
-0.9000
-1.1000
-1.3000
-1.3000
-1.3000
-1.2000
-1.1000
-1.0000
-0.9000
-0.8000
-0.6000
-0.5000
-0.5000
-0.4000
-0.1000
0.5000
0.5000
-0.1000
0.1000
0.8000
1.0000
0.9000
1.0000
1.0000
0.8000
0.8000
0.5000
0.3000
0.7000
0.7000
0.5000
0.4000
0.0000
-0.4000
-0.9000
-1.2000
-0.8000
0.1000
1.1000
2.8000
4.5000
4.7000
4.0000
4.1000
4.2000
2.8000
1.6000
1.4000
1.4000
2.1000
2.8000
2.5000
2.8000
3.2000
2.6000
1.5000
0.1000
-1.2000
-1.6000
-1.1000
-0.7000
0.2000
1.4000
1.2000
0.1000
-0.4000
-0.3000
-0.5000
-1.2000
-1.4000
-1.1000
-0.6000
0.3000
1.5000
2.3000
2.3000
1.8000
1.4000
1.3000
1.3000
1.2000
0.8000
0.5000
0.0000
-0.7000
-0.4000
0.3000
0.2000
-0.2000
-0.3000
-0.1000
-0.1000
-0.7000
-1.1000
-1.6000
-2.0000
-1.7000
-0.6000
0.0000
-0.2000
0.1000
0.9000
1.2000
1.1000
0.5000
-0.5000
-1.1000
-0.9000
-0.5000
-0.7000
-0.5000
0.6000
1.5000
1.0000
-0.2000
-1.3000
-1.8000
-1.5000
-0.9000
-0.6000
-0.4000
0.0000
0.4000
0.4000
-0.4000
-1.1000
-1.3000
-1.0000
-0.4000
0.0000
0.0000
-0.3000
-1.0000
-1.8000
-1.8000
-1.1000
-0.7000
-0.9000
-1.2000
-1.3000
-1.2000
-1.2000
-1.2000
-1.1000
-0.8000
0.2000
1.4000
1.9000
1.5000
1.2000
1.0000
0.6000
0.2000
-0.6000
-1.0000
-0.6000
0.0000
0.7000
1.2000
1.0000
0.8000
1.3000
2.0000
2.4000
2.4000
2.0000
1.8000
2.2000
2.9000
3.1000
2.5000
2.0000
2.0000
2.2000
2.3000
2.2000
2.0000
1.8000
1.6000
1.4000
1.1000
1.2000
1.6000
1.0000
0.3000
0.2000
0.7000
1.2000
1.4000
1.4000
1.4000
0.9000
0.4000
0.2000
0.0000
-0.2000
-0.4000
-0.6000
-0.1000
0.2000
0.2000
-0.5000
-1.0000
-1.2000
-1.1000
-0.8000
-1.0000
-2.0000
-2.1000
-1.2000
-0.7000
-0.4000
-0.1000
-0.1000
-1.0000
-2.0000
-2.3000
-2.5000
-2.9000
-2.8000
-2.0000
-1.3000
-1.3000
-1.5000
-1.5000
-1.5000
-1.5000
-1.3000
-1.0000
-0.8000
-0.8000
-0.9000
-0.5000
0.5000
1.6000
2.0000
1.7000
1.6000
1.6000
1.7000
1.8000
1.4000
1.2000
0.6000
-0.2000
0.1000
0.8000
1.0000
1.0000
1.1000
1.2000
0.8000
-0.1000
0.2000
1.5000
2.0000
1.0000
0.0000
-0.6000
-0.8000
-0.7000
-1.2000
-1.5000
-1.0000
-1.0000
-1.1000
-0.6000
-0.4000
-0.8000
-0.8000
-1.0000
-1.9000
-2.2000
-1.4000
-1.5000
-2.5000
-2.9000
-2.6000
-1.8000
-0.2000
1.7000
2.4000
1.5000
0.1000
-1.7000
-2.3000
-0.6000
-0.1000
-2.3000
-4.0000
-4.8000
-5.9000
-6.4000
-2.6000
5.9000
12.8000
12.3000
4.2000
-4.7000
-6.7000
-4.4000
-2.0000
1.5000
7.8000
12.8000
11.0000
1.5000
-9.7000
-11.5000
-1.9000
7.4000
6.5000
0.4000
-5.2000
-8.7000
-8.3000
-5.0000
-0.8000
4.6000
8.4000
7.4000
2.8000
-3.5000
-7.1000
-6.0000
-2.9000
-1.1000
-1.1000
-1.1000
-0.7000
-0.1000
0.9000
2.2000
3.3000
1.5000
-1.7000
-2.9000
-1.8000
0.2000
1.5000
1.4000
1.6000
2.2000
0.4000
-3.3000
-3.7000
-0.2000
2.1000
1.5000
1.8000
2.9000
1.7000
0.7000
1.5000
0.6000
-1.7000
-1.6000
0.7000
2.4000
1.7000
-0.2000
-1.4000
-1.2000
-0.5000
-0.6000
-1.5000
-1.7000
-0.2000
1.0000
1.6000
2.8000
2.8000
0.8000
-1.7000
-2.7000
-2.7000
-3.2000
-1.5000
2.4000
4.5000
3.3000
1.0000
0.0000
0.4000
0.3000
-0.1000
0.6000
1.7000
0.4000
-1.9000
-2.3000
-1.3000
0.0000
0.5000
0.6000
1.4000
1.6000
-0.8000
-3.6000
-4.1000
-3.0000
-2.5000
-2.7000
-2.4000
-1.7000
-1.7000
-2.0000
-0.9000
0.6000
1.2000
0.7000
0.1000
0.4000
0.6000
0.8000
1.5000
0.3000
-2.5000
-2.3000
1.2000
3.1000
2.6000
3.0000
4.5000
4.1000
3.0000
3.4000
3.6000
1.9000
0.8000
0.8000
0.5000
-0.9000
-3.0000
-3.0000
1.7000
7.2000
6.6000
1.6000
0.8000
3.4000
2.7000
0.8000
1.7000
4.1000
4.0000
0.2000
-2.9000
-1.0000
3.0000
4.2000
3.4000
2.5000
1.5000
0.5000
0.8000
1.1000
-0.2000
-0.9000
0.2000
0.9000
-0.8000
-3.1000
-2.0000
2.5000
5.6000
4.1000
0.7000
0.3000
1.1000
-0.7000
-3.8000
-4.8000
-2.9000
-0.5000
0.0000
0.1000
0.0000
-1.7000
-3.2000
-2.3000
-0.5000
0.2000
-0.5000
-1.5000
-2.5000
-3.0000
-2.2000
-1.1000
-0.7000
-0.4000
-0.3000
-1.2000
-1.8000
-1.4000
-0.8000
-0.9000
-1.5000
-1.5000
-0.5000
-0.2000
-1.1000
-1.5000
-0.6000
0.1000
-0.7000
-2.4000
-3.0000
-1.4000
0.6000
1.1000
0.0000
-1.6000
-2.3000
-1.4000
-0.3000
-0.6000
-1.0000
-1.2000
-1.6000
-2.7000
-3.4000
-3.0000
-2.6000
-2.3000
-1.3000
-0.5000
-0.1000
0.2000
0.3000
0.2000
-0.7000
-1.2000
-0.7000
-0.3000
-0.5000
-1.0000
-0.8000
-0.5000
-1.2000
-2.0000
-1.5000
-0.3000
0.1000
-0.3000
-0.5000
0.2000
1.2000
1.3000
0.9000
0.7000
0.7000
0.5000
0.2000
0.3000
0.6000
0.9000
0.9000
0.6000
0.1000
0.0000
0.3000
0.4000
0.6000
1.1000
1.6000
1.8000
1.9000
1.5000
0.9000
0.4000
0.1000
-0.6000
-1.9000
-2.3000
-1.6000
-0.8000
-0.9000
-1.6000
-2.1000
-1.9000
-1.5000
-1.4000
-1.3000
-1.3000
-1.1000
-0.9000
-0.6000
-0.3000
-0.1000
-0.2000
-0.4000
-0.7000
-1.0000
-1.7000
-2.2000
-1.6000
-0.1000
0.8000
1.2000
1.8000
1.7000
1.1000
0.3000
-0.5000
-1.1000
-1.2000
-0.8000
0.2000
1.5000
2.4000
3.2000
3.3000
1.9000
0.5000
0.3000
0.9000
0.9000
0.6000
0.4000
0.0000
-0.4000
-0.6000
-0.6000
-0.5000
0.2000
1.3000
1.3000
0.3000
-0.5000
-0.9000
-1.4000
-1.9000
-1.9000
-1.3000
-0.9000
-0.8000
-0.7000
-0.7000
-0.8000
-0.8000
-0.7000
-0.8000
-1.2000
-0.7000
0.8000
2.0000
2.2000
1.7000
1.0000
0.5000
0.5000
1.1000
1.5000
1.8000
1.8000
1.6000
1.3000
0.9000
0.5000
0.3000
0.3000
0.3000
0.2000
0.7000
1.2000
0.9000
0.7000
0.3000
-0.5000
-0.6000
0.4000
1.5000
1.2000
0.3000
0.0000
-0.2000
-0.4000
-0.6000
-0.6000
0.4000
1.7000
2.1000
1.6000
1.0000
0.6000
0.4000
0.5000
0.9000
1.8000
2.1000
1.3000
0.9000
1.3000
1.8000
2.2000
2.7000
2.6000
1.6000
1.0000
0.8000
0.7000
0.7000
0.8000
0.7000
0.2000
0.0000
0.9000
1.2000
0.4000
-0.3000
-0.5000
-0.7000
