$1B40-154                                                                       
$76.027 TANGSHAN AFTERSHOCK AUG. 31,1976. 11:25   M=5.8                         
$STATION NO. M0303   QIANAN LANHE BRIDGE,HEBEI                                  
$POINT 1  GROUND   COMP. SN                                                     
$CORRECTED ACCELEROGRAM       UNIT:CM/SEC/SEC                                   
$EQUALLY SPACED INTERVALS OF   0.01 SEC      NO. OF POINTS: 2203                
$EFFECTIVE FREQUENCY BAND :   0.30  -- 35.00 HZ                                 
$峰值:    132.39   于   4.29 秒       总长:  22.02 秒
$迁安南北分量                                                              
-17.0107  
-5.1238   
3.0996   
0.3977   
4.7500   
4.0874  
-6.2217  
-5.0894        
-1.1333  
-0.6323   
2.7490  
-8.3425 
-12.8748   
8.2644   
7.3782  
-3.3186        
11.1929   
5.6316  
-8.6934   
0.9360  
-7.8809 
-13.7266   
8.2661   
5.2747        
-2.8564   
5.3579  
-6.5627  
-4.1138  
17.1812   
9.2954   
2.9927   
0.0178        
-17.7671   
2.7688  
27.6514  
-3.6980 
-20.7234  
-0.4004   
0.3584  
-4.1343        
2.8247  
-1.7197 
-12.0173  
-8.2830  
14.0085  
24.7871  
-3.7061 
-25.0474        
-2.9097  
13.6824   
0.4392  
-1.7581  
14.3975  
11.1462  
-9.3748 
-11.0234        
-2.1606  
-3.4543   
0.7048   
6.1738  
-0.3352  
-2.2930  
-3.7761  
-8.7024        
7.0173  
22.7603   
7.0759  
-7.0151   
2.3435   
5.3394  
-4.2095  
-6.0903        
-4.9131  
-4.1956   
7.0872   
9.8540  
-5.1321  
-4.5691   
2.9578  
-6.5391        
-1.8418  
8.2344 
-10.3811 
-13.5171  
10.9736   
8.5830  
-7.9495  
-5.7224        
-4.6868  
-5.2590   
2.2722  
-4.0010 
-19.7119 
-10.9609  
12.7075  
16.5513        
8.3716   
2.6887 
-10.1138 
-14.4001  
-0.8792   
6.1687  
10.4441   
9.4622        
-12.8423 
-14.6704   
8.0903  
-0.4822 
-11.5166   
5.6116   
2.4143  
-6.9795        
11.2109  
18.9248  
15.0752  
12.7725 
-13.3005 
-28.8882  
-7.5728  
-0.2776        
-3.7373   
8.1145   
2.7319  
-3.1892  
24.3320  
35.9141   
6.1492 
-19.2483        
-16.1453   
1.2808  
15.4053  
20.4304   
5.9626 
-32.8003 
-47.6499 
-16.8320        
-3.5762 
-23.1987 
-28.3391 
-10.6145  
19.8740  
39.2515  
23.0999   
1.5869        
-10.0586 
-23.0674  
-9.3047  
25.9160  
37.3008  
29.5156  
22.1704  
10.7632        
-6.8132 
-23.6282 
-30.9868 
-29.9563 
-17.2471   
2.7134  
-2.3679 
-21.7092        
-19.0203  
-8.6304   
9.3477  
32.6626  
19.9980   
3.7632  
22.4497  
24.1709        
0.0466 
-24.4937 
-60.8872 
-79.1379 
-47.5444   
8.7146  
51.2432  
46.5537        
25.5752  
38.6445  
44.2568  
28.1377  
26.9268   
1.6104 
-43.9636 
-29.4443        
25.3853  
54.6152  
56.4531  
36.4829  
-2.8577 
-42.2651 
-67.6003 
-75.2607        
-67.3030 
-45.5293 
-19.0520   
4.1563  
30.4482  
40.9053  
23.3091  
18.3679        
16.8430 
-21.1421 
-37.5313  
-1.3630  
17.3889  
20.2671  
45.3594  
47.9058        
15.7041 
-12.5522 
-42.6821 
-65.5042 
-49.3689 
-12.1765  
21.1665  
37.4609        
29.6211  
29.3633  
29.7676 
-12.8123 
-43.3677 
-16.9011 
-2.4385   
0.6702        
40.1777  
53.7104  
14.1904 
-19.2393 
-47.9607 
-65.1843 
-20.2227  
39.4888        
38.2710  
16.7170  
28.1982  
34.0430   
4.6394 
-11.7537   
4.8425   
5.4683        
-18.5344 
-34.0574 
-39.8923 
-24.1025  
24.0996  
43.9785  
4.8931 
-23.7266        
-4.1094  
26.6626  
44.2681  
37.4688  
-3.0237 
-42.0049 
-42.5647 
-21.5291        
3.5532  
28.0483  
24.6821  
-0.7854  
-6.6187  
-0.0647   
1.2632   
8.0320        
-0.1794 
-25.4871 
-24.8679 
-15.3059 
-27.9778 
-25.6179  
-5.3574  
-5.7429        
-7.4988   
8.2285  
16.9336  
19.9150  
18.9880  
-9.0449 
-35.7668 
-20.8940        
-2.8662  
-5.9744   
7.6577  
25.8188  
19.8159  
21.3518  
28.7466  
14.8262        
7.4353  
11.5400   
5.1160   
4.5923   
4.7244  
-6.6702  
-6.2275  
-9.7729        
-31.0789 
-26.2083   
7.1479  
34.9619  
46.9546  
25.2905  
-8.7507   
1.1226        
23.1843   
0.7678 
-37.7822 
-65.9810 
-80.8069 
-43.9412  
32.6011  
64.7612        
34.2446  
-5.7825 
-30.3950 
-33.5364  
-9.5002  
14.1382  
11.6870   
1.3354        
4.4026  
15.7124  
21.8135  
16.2969   
4.0576 
-10.6421 
-26.0908 
-24.9011        
2.8770  
30.9063  
31.0698   
6.2275 
-19.7371 
-26.1299 
-22.1563 
-31.1108        
-45.6191 
-41.3872 
-16.5884  
12.0662  
27.3936  
24.3550  
11.0969  
-3.4446        
-2.7979  
22.7783  
38.5640  
20.6194  
12.1182  
33.0308  
42.5942  
35.2217        
31.7295  
15.9810 
-14.0896 
-26.2424 
-17.3730 
-20.2273 
-50.9390 
-76.9263        
-56.9719  
-1.2249  
49.6221  
64.8574  
41.5005  
19.5408  
25.5776  
32.7026        
15.9607 
-26.6873 
-63.3909 
-45.0508  
-7.7170 
-11.7961 
-22.3252 
-13.7871        
1.1624  
37.5884  
57.0845  
17.4355 
-32.0679 
-65.2222 
-75.5981 
-34.6763        
-1.2710 
-25.2852 
-33.1624   
4.0303  
26.1333  
13.6638  
-6.0159  
-4.6025        
19.3550  
36.9932  
33.8750  
25.7612  
40.2417  
73.1997  
69.3809  
10.7163        
-48.7954 
-63.4756 
-29.4834  
13.9880  
17.8538  
-6.9148 
-20.8577  
-8.2385        
29.0293  
54.3330  
31.0649 
-20.0195 
-51.6411 
-33.2319  
10.2002  
21.6018        
7.1365 
-10.1440 
-42.2649 
-55.7571 
-34.8499 
-33.8525 
-41.3118 
-25.2991        
-34.5947 
-64.2078 
-36.9041  
47.0400 
117.0396 
132.3921 
105.5454  
55.4390        
-4.1895 
-33.0920 
-28.3127 
-39.9126 
-52.5347 
-28.4067   
4.3970  
34.7925        
62.0933  
58.2285  
41.5444  
28.8252   
0.1987 
-18.0276 
-18.5313 
-40.6360        
-55.4209 
-30.7249  
-2.7222  
24.1265  
55.8394  
52.5830  
17.1458  
-9.6924        
-35.2883 
-72.9209 
-91.9707 
-70.8899 
-28.5708  
15.0222  
58.7544  
92.1528        
90.5361  
47.5093  
-9.2891 
-33.4888  
-6.0942  
31.9502  
31.4146  
-5.9500        
-49.7141 
-75.8938 
-76.8254 
-62.4246 
-40.4021 
-12.7041  
15.5813  
50.6191        
84.2944 
75.6245  
23.2283 
-26.5852 
-54.3396 
-52.5657 
-17.3474   
9.9448        
7.0410   
6.6904  
13.4548  
12.7112  
14.9299  
10.0000 
-13.0493 
-24.1797        
-13.3442 
-0.4126  
15.4209  
29.2617  
20.0488  
-1.6282 
-14.0164 
-22.2063        
-20.4272   
2.7202  
11.0911 
-15.4868 
-27.6501  
-9.5439   
6.3469  
24.7700        
36.3896  
11.4314 
-11.1416  
-2.8320   
0.0405  
-4.2437  
-4.3113 
-14.4961        
-15.7598   
4.0920  
19.6553  
24.3760  
16.9121   
0.5796   
1.4238  
12.5042        
6.9749  
-9.6445 
-27.1855 
-34.6687 
-16.4761  
11.6025  
19.6292   
3.0732        
-17.0884 
-21.6882 
-18.7517 
-10.7625  
11.9875  
21.5032   
4.0859  
-1.8914        
4.1133   
2.5396  
11.3789  
15.8284  
-3.1743  
-7.9436  
-0.2595  
-9.8064        
-8.7478   
6.0691   
2.2029  
-2.7476   
5.8562  
11.2087  
15.7678  
20.4768        
18.5469   
8.2856 
-14.2024 
-25.6055 
-10.7141  
-3.3037  
-7.5298  
-1.3201        
0.4602  
-1.1079  
10.4978  
15.5652   
4.6536  
-8.4409 
-16.5376  
-8.8782        
6.4290   
4.1797  
-7.0042  
-6.4219   
0.3652   
4.5674   
8.2637   
9.1299        
0.2900 
-10.4185 
-11.1892  
-8.8337  
-3.6128   
7.2297   
1.1074 
-20.6829        
-25.3308 
-13.9287  
-0.6538  
15.7888  
23.0408  
15.4890   
7.2280   
4.9712        
12.5327  
24.3486  
21.9397   
6.4363  
-7.2236 
-13.6187 
-12.8442 
-10.1055        
-9.3611  
-7.9648  
-2.6414  
12.1626  
28.8647  
25.5264   
6.0806  
-6.1423        
-7.4187  
-4.9648  
-4.8335 
-10.1367  
-9.7688   
2.7219  
14.7734  
16.7327        
7.4299  
-4.9919  
-5.1912   
0.3918  
-1.7192  
-1.0317   
3.5476   
1.8767        
3.9866   
9.4453   
7.2864   
7.3049   
5.1843 
-11.9426 
-22.6023 
-13.5903        
-2.5635   
0.9585  
-4.5032 
-13.8105 
-11.3884   
1.8696  
12.6934  
16.8530        
13.1252   
3.5842  
-2.8301  
-1.7954  
-0.5474  
-3.1514  
-0.9321   
3.4666        
0.2827   
0.8152   
9.1655  
14.1531  
20.1008  
21.6626   
6.5840  
-4.3728        
1.3879   
3.0503  
-6.0188 
-14.1682 
-17.6428 
-17.3218 
-10.6240   
1.8591        
7.2776  
-2.3652 
-12.8440 
-11.1277  
-5.1248  
-4.3733  
-1.0891  
7.3584        
4.8198  
-3.0300  
-0.1897  
-3.3728  
-8.8721   
7.0078  
15.4778  
-2.5908        
-16.2139 
-20.1055 
-18.0940  
-0.3738  
12.7815   
7.1167  
-2.5410 
-11.1563        
-15.7932 
-13.8503  
-9.2957   
0.1077   
1.9011 
-11.6821 
-10.6692   
9.1614        
14.4436   
8.9355  
10.2834   
5.3347  
-5.9768  
-8.2188  
-5.3401  
-2.1143        
-0.7278  
-6.3452  
-6.5881   
1.5789   
1.8872   
1.0811   
3.2507  
-4.2534        
-6.5757   
2.8279   
4.1975   
4.1819   
8.1394   
4.5417   
3.2542   
2.3982        
-8.3311  
-8.3777   
1.9587   
1.4075   
1.0039   
3.8521  
-4.1655  
-8.7917        
-1.2622   
0.5500  
-5.0156  
-7.9861  
-9.3977  
-7.4600  
-1.4580   
0.8879        
0.3887   
0.0886  
-1.4490   
3.9990  
13.4409   
9.6106  
2.1082   
2.2507        
-4.4094 
-10.4905  
-2.4153   
0.8325  
-1.8948  
5.5503   
8.7043  
-0.4373        
-5.3684  
-2.3411   
5.7944  
11.9739   
2.8330  
-6.3201   
2.5776   
7.4839        
0.8440   
5.5181  
12.9866   
5.0310  
-4.2834  
-5.9104  
-3.8457   
6.2595        
17.9514  
15.6587   
0.6960 
-10.1108  
-3.0098   
8.5347   
0.2129 
-13.5408        
-7.1328   
4.0825   
2.5671   
0.3564   
4.3416   
8.0007   
7.0444  
-0.2654        
-6.4958  
-3.4619  
-0.1953  
-3.1240  
-3.1968   
2.7651   
9.1045   
7.2834        
-7.2104 
-16.1113  
-6.5442   
0.4807  
-1.4465   
3.1104   
6.6453   
6.1001        
13.3662  
12.9114  
-4.5332 
-14.7507 
-12.0886  
-7.2549   
2.6255   
8.5100        
-1.8875 
-12.5032  
-7.8440   
5.7556  
17.8887  
17.4392   
5.0466   
0.7124        
4.8325  
-0.0383  
-6.0220  
-4.7915  
-6.9312  
-6.5728   
2.2742   
5.9971        
2.3640  
-2.2456  
-3.8398   
2.0615   
6.5483   
6.5269  
10.9170  
11.0010        
5.2368   
4.0813  
-2.7236 
-12.8154  
-8.3735  
2.4812   
8.2332   
6.1912        
-3.6292  
-6.9844  
-3.8975  
-4.3125   
1.4187   
8.2253   
4.0723  
-0.9536        
-5.5605  
-5.8630   
6.9177  
11.3704   
2.0381  
-1.5955  
-6.9016 
-10.9458        
3.2695  
16.0044  
11.9788   
0.8284 
-12.7461 
-13.3103   
2.2410   
6.9651        
0.4297  
-1.5615  
-2.4585   
1.4431   
6.7170   
1.7800   
2.9771   
7.3918        
-8.3503 
-17.8621  
-3.2173   
5.1914   
7.5991  
11.8313  
-1.3621 
-13.2703        
-1.8540   
5.7473  
-0.1123  
-2.8472  
-1.8442   
1.4683   
4.0530   
3.6118        
6.6775   
3.6021  
-9.5061 
-10.8909  
-2.5466  
-2.9883  
-4.5718   
1.1499        
6.1909   
5.3826   
0.1790  
-5.3975  
-6.9814  
-0.8364   
6.3562  
-1.2629        
-14.1824 
-11.7659  
-6.0435  
-5.6431  
-0.2861  
-0.2783  
-4.4558   
6.8486        
14.6904   
2.0903  
-8.8333 
-13.5891 
-13.5212   
2.7271  
12.3984   
2.6697        
2.0669   
3.3872  
-8.6670  
-5.4832   
6.9600   
0.0193  
-5.2400  
-0.1262        
-0.3938   
8.4253  
17.9307   
1.0259 
-13.6328  
-4.3696   
0.1350  
-2.3220        
4.9316   
7.7607  
-0.4351  
-4.3315  
-2.1091   
0.2031   
2.2542   
0.9666        
-3.2266  
-7.0156 
-12.4675 
-10.8738   
4.5840  
12.7288   
5.2888   
0.5400        
-2.1077  
-4.6033   
2.2490   
5.3909  
-0.6033  
-2.4863  
-4.1746  
-4.5571        
-0.3381  
-4.9272  
-9.1240  
-3.1809  
-3.9697  
-5.7593   
0.8003   
1.6169        
1.2290   
5.1062   
0.3423  
-8.5823 
-10.7251  
-7.8213  
-3.9976  
-4.3440        
-7.7620  
-7.0750   
1.6819  
11.7146   
6.8552  
-4.7852  
-3.5564  
-0.7698        
1.6370  
12.9731  
11.0779  
-2.8748  
-3.7476  
-4.8286 
-10.9600  
-5.5400        
0.2827  
-0.9814  
-1.6003  
-2.5081  
-0.4937   
2.6565   
1.8022   
1.3435        
-4.1523 
-10.6113  
-1.8782   
8.8733   
8.8608   
6.4788   
0.2158  
-4.4033        
1.2930   
5.1577   
6.9321  
11.4343   
6.2883  
-1.6628   
1.3342   
4.7202        
6.4443  
11.0127   
5.0823  
-9.0793  
-9.4021   
2.0571   
7.6960   
8.9707        
11.7346   
7.4563  
-5.1045 
-11.6194  
-7.4365  
-1.5857   
0.9736   
1.1301        
1.9260   
4.9761   
5.8337   
6.3921  
12.0913   
9.8484  
-5.9790 
-12.1543        
-4.0940  
-0.7617   
0.0334   
3.8098   
3.1753   
2.0327   
2.6731   
1.4026        
5.5696  
10.5427   
2.6057  
-8.7976 
-10.7712  
-6.8120  
-2.4280  
-1.0369        
-4.6829 
-10.3352 
-6.7998  
10.4810  
18.8098   
5.5564  
-5.4275  
-4.8171        
-1.6677   
7.4097  
12.5618   
5.1558   
3.8428   
4.9541 
-10.2744 
-19.6050        
-3.4602   
8.6458  
-0.6453  
-2.7976   
7.8521   
1.6797 
-11.9114  
-5.7749        
4.2856   
4.9958   
3.0110  
-3.8271  
-3.1045   
6.8909   
1.4324  
-4.9795        
5.8770  
9.1375   
3.7822   
1.0767  
-5.8796  
-1.5464   
8.7693  
-4.4382        
-16.7754  
-8.3281  
-2.1824   
7.3022  
18.2791   
3.0945 
-13.5022  
-3.8674        
4.6165   
2.7371   
4.4993   
2.3518  
-2.4236   
0.3267   
1.9954  
-0.0276        
2.3962   
5.9858   
6.1304   
5.2124   
3.3870  
-2.2585 
-11.3596 
-16.0488        
-10.6501  
-0.6243   
6.4568   
6.2195   
0.3787  
-3.3545  
-3.5625   
0.8901        
10.8225  
10.6936  
-2.0879  
-7.0525  
-4.3650  
-3.4810  
-1.1514  
-1.7214        
-3.6218  
-0.2290  
-1.6438  
-6.2708  
-4.5168  
-5.1665  
-7.3259  
-0.6296        
10.7395  
17.2092  
10.2412  
-2.1902  
-2.6885  
-0.9412  
-5.3298  
-3.9563        
-3.1375  
-7.0627  
-0.8428   
7.1970   
0.6667  
-6.8318  
-0.1370   
8.6162        
6.8618   
5.8494   
9.2998   
3.6023  
-4.1038  
-3.9858  
-6.5518  
-8.4739        
-4.2249  
-2.9138   
0.1838   
5.7202   
3.4937   
2.7522   
5.1223  
-2.5264        
-12.3982 
-15.5159 
-14.5513  
-4.9592   
7.4788   
7.8501   
2.6726   
3.4656        
2.9114  
-2.5654  
-1.6328   
6.0574   
9.7231   
9.4346   
5.6279  
-4.1892        
-7.9993  
-0.7776   
3.5884   
2.9492   
1.4482  
-3.4402  
-2.1616   
8.6301        
11.3706   
3.2590  
-4.7903 
-10.9019 
-10.0039   
0.0703   
7.9922   
6.4546        
-4.2544 
-13.3650  
-5.9678   
4.7180   
1.5735   
0.1033   
5.2397   
2.0554        
-0.5068   
7.1724  
10.3054   
2.8179  
-6.1589 
-10.4983  
-7.8096  
-0.3091        
6.1094   
6.7173  
-0.1069  
-6.9148  
-3.6257   
2.9983  
-0.3708  
-4.9094        
3.2268  
9.7388  
-0.3250 
-10.3264  
-4.7324   
4.8750   
5.5166  
-1.0605        
-9.8005 
-13.5356  
-4.1992   
7.3298   
3.7798  
-2.7642   
0.2837  
-2.3037        
-8.8110  
-2.9756   
2.7749  
-2.0627  
-4.2795   
1.4836   
8.9685   
8.9446        
-2.7859 
-11.7520  
-5.9973   
3.6802   
3.5581  
-3.2000  
-3.4707   
0.5291        
-4.0378  
-9.0505  
-3.6277   
1.0042  
-1.3877  
-4.0354  
-3.9045  
-0.3857        
3.2961   
2.8594   
1.2683   
0.9995   
0.8794   
1.7671   
4.6750   
6.5808        
4.6233   
3.0837   
0.9922  
-9.8030 
-17.4324  
-7.3652   
3.5481   
1.1047        
-4.0371  
-5.7642  
-5.7505  
-3.2769   
0.2195   
1.2349  
-2.9478  
-5.5884        
2.9875  
13.3723  
12.9529  
7.6885   
5.7034   
6.8308  
6.5942   
0.9016        
-5.9390  
-7.7415  
-2.7781   
6.1724   
5.8728  
-7.6814 
-15.4224  
-8.1423        
2.9197   
7.5171   
2.2253  
-3.7947   
0.4385   
5.3723   
1.8606  
-2.7991        
-4.9478  
-3.0325  
5.4868  
11.9556  
10.9114   
8.7756   
6.7834   
2.1816        
-2.3528  
-3.0869  
-0.4253  
-0.6108  
-5.9167  
-6.8411   
0.0356   
4.5247        
3.2373   
2.0598   
0.2676  
-6.3250 
-12.8066 
-11.1694  
-4.0366   
2.7068        
10.0520  
14.0901   
9.1401   
2.4065  
-1.9883  
-6.9983  
-6.0369  
-0.1594        
-1.1384  
-1.9028   
6.8262  
12.1885   
7.0452   
1.4204  
-0.7507  
-3.7959        
-6.9695  
-4.7356   
2.4385   
6.6611   
4.6067  
-0.3000  
-4.7678  
-4.6323        
1.6487   
5.8726   
1.0364  
-6.3550  
-8.5593  
-6.8442  
-2.7490   
0.3967        
-1.6191  
-0.4846   
8.4753  
13.7820  
12.1414   
8.3762   
2.1357  
-4.2776        
-8.3684  
-5.3220   
6.3857   
8.0803  
-2.7583  
-4.1682  
-1.4878  
-2.9375        
3.5732   
5.7690  
-5.3472  
-8.3918  
-0.8840   
6.0869  
10.5088   
6.7190        
1.9854   
7.2810   
9.9199   
2.4138  
-3.7273  
-1.8242   
3.8247   
4.5300        
-1.0852  
-5.8606  
-6.4280  
-3.1667   
1.6086   
4.6343   
4.3252  
-1.2385        
-5.8389  
-0.9954   
5.5247   
4.7014  
-1.2656  
-5.1912   
1.8787  
10.8557        
4.8643  
-5.3728  
-7.1765  
-5.6685   
0.0298   
5.2620  
-0.0793  
-4.5718        
3.0186  
12.8528  
12.4631  
-0.2996 
-14.5901 
-18.0105 
-10.1018   
3.0146        
11.0583   
8.6794   
4.3323  
-0.2075  
-8.4194  
-9.1814   
1.1572   
7.3496        
2.9832  
-3.9138  
-6.9829  
-6.8096  
-4.2795   
1.1833   
1.8469  
-5.8389        
-7.6106  
-1.7935  
-2.7144  
-5.0244   
0.1958   
3.3013   
1.7212   
2.4397        
5.1252   
6.3035   
1.5505  
-7.5342  
-9.4746  
-2.3171   
5.5774  
10.6233        
9.6133   
0.3228 
-10.1292 
-12.1028  
-4.7029   
2.4160   
2.2427  
-0.1064        
-0.7131  
-2.1816  
-3.7739  
-4.3877  
-5.7241  
-6.8601  
-4.7769   
1.7827        
7.5803   
5.1309  
-2.0652  
-6.2656  
-7.6147  
-5.6907   
0.1064   
2.2029        
-3.2053  
-8.4209  
-5.3638   
5.1797  
12.0535   
7.0876  
-1.0869  
-4.1414        
-5.9668  
-4.7854   
2.0740   
4.6975   
2.1650   
4.6633   
7.1841   
0.4922        
-6.5981  
-2.7554   
5.8381   
5.8979  
-1.3477  
-5.8418  
-6.4607  
-3.6377        
3.0398   
6.4597   
5.3938   
3.7803  
-1.0779  
-4.3042  
-1.6960  
-4.0029        
-9.4519  
-6.7563  
-1.5112  
2.3135   
7.8064   
9.3237   
5.7703   
2.1797        
0.3652   
4.5642  
10.0818  
5.3062  
-3.1475  
-4.0432  
-0.4075   
3.2356        
2.1726  
-6.1604 
-10.9968  
-4.8191   
3.8928   
6.7178   
3.9253  
-0.5742        
-4.1763  
-6.5449  
-6.7104  
-5.6055  
-5.6152  
-5.3328  
-4.4011  
-2.4475        
3.6760   
7.7065   
2.6272  
-2.3674  
-0.0718   
3.9766   
5.3889   
3.8733        
2.3613   
2.1807   
0.0479  
-0.1328   
2.7200  
-1.0945  
-5.9419  
-1.2451        
2.4158  
-0.3198  
-0.2446   
2.9568   
5.2263   
3.6709  
-3.8364  
-8.0789        
-2.0149   
3.4121  
-0.7974  
-6.2896  
-3.4346   
2.7209   
4.6831   
5.3643        
4.4138  
-1.6484  
-4.6199   
0.0874   
3.7185   
3.2639   
3.5774   
5.1042        
4.1191   
1.2317   
1.9714   
2.8108  
-3.2190  
-7.4797  
-5.0002  
-6.6860        
-11.2454  
-7.2046   
2.7051   
8.2612   
5.2354  
-1.8906  
-5.3049  
-4.6274        
-1.7700   
4.4539   
9.2754   
7.5356   
3.3667   
1.1716   
0.3879  
-0.0139        
-0.6001  
-1.3438  
-1.8577  
-2.4775  
-3.2351  
-3.2998  
-2.1292  
-0.5107        
0.1084  
-1.2207  
-3.7063  
-3.2710   
1.1499   
2.7620   
0.3323   
1.3838        
3.5886  
-1.1685  
-7.2817  
-4.8157   
2.6323   
4.5222   
1.0095   
2.0754        
6.2258   
2.1833  
-5.6978  
-5.0281   
2.2788   
7.0957   
4.5142  
-1.5276        
-1.8062   
1.4885   
0.9812  
-1.2866  
-4.2891  
-6.6821  
-3.0933   
2.0188        
2.6873   
1.1750   
0.2285   
3.5735   
7.2048   
3.0901  
-0.6370  
-1.0352        
-6.4670  
-6.7917   
3.5540   
9.1885   
8.1128   
7.5469   
7.1897   
6.6824        
3.3323   
0.7480   
3.5073  
-0.8967  
-9.7153  
-4.3015   
3.7278   
1.2727        
1.3064   
3.3069  
-0.5547  
-2.7534  
-1.4255   
1.8884   
7.0896   
4.3635        
-3.8428  
-2.7783   
2.4338   
2.2397   
1.8931   
2.4133   
1.6763   
2.5476        
1.4077  
-4.8979  
-8.6765  
-4.3525   
3.3994   
5.3643  
-0.6748  
-4.4822        
-0.9258   
1.4883  
-0.5637  
-2.2422  
-2.4441  
-1.4915   
0.6177   
2.2910        
2.8711   
1.5259  
-1.5242  
-3.2974  
-2.9673  
-0.9739   
2.3191   
3.4753        
1.4133  
-0.8503  
-2.8174  
-5.0403  
-7.2019  
-8.4729  
-5.9524  
-1.1670        
-0.3870  
-2.5410  
-1.9626   
0.2795   
0.2698  
-1.0295  
-1.0183  
-0.4050        
0.9963   
4.6394   
5.1365  
-1.3633  
-5.9287  
-3.4534  
-2.0007  
-4.5537        
-4.6514  
-0.6252   
2.4829   
2.6619   
2.3811   
0.9551  
-3.1877  
-5.1858        
-1.5862   
2.1995   
0.1655  
-5.3813  
-5.9771   
0.3389   
5.2271   
4.1570        
0.0862  
-3.5681  
-2.7415   
2.2622   
5.3662   
4.0635  
-0.8962  
-4.9331        
-1.2615   
4.1187   
2.5005  
-0.1294  
-0.6436  
-1.5159   
2.8127   
8.2634        
2.9639  
-4.8994  
-3.9541  
-0.9788  
-0.9863  
-1.0732  
-1.2126  
-1.0171        
-0.8215  
-1.5129  
0.7024   
3.6636   
0.5325  
-3.4031  
-1.4309   
2.3779        
5.5469   
7.2678   
3.5898  
-2.3853  
-3.7698  
-1.1929   
2.2896   
5.5417        
5.9895   
2.0762  
-3.5303  
-5.8904  
-1.6477   
5.6479   
7.6453   
3.3347        
-1.4019  
-4.6797  
-4.2480   
2.1909   
5.1843  
-1.3208  
-6.1960  
-3.3167        
1.1960   
3.5281   
2.4712   
0.1262   
0.7219   
2.5999   
4.3240   
5.8562        
3.7017   
0.3091   
0.8958   
2.3601   
0.8489  
-2.1921  
-3.1560  
-1.8657        
-2.0159  
-1.3169   
0.7683  
-2.7195  
-5.3677   
0.8357   
4.8052   
2.6340        
1.0598  
-1.6797  
-3.8640  
-2.4551  
-0.7410   
1.9673   
2.0618  
-2.2373        
-0.8113   
1.8311  
-2.5371  
-2.0598   
2.2051  
-1.4463  
-3.4141   
0.8931        
-0.4309  
-6.1978  
-6.1895  
-0.4287   
2.5886  
-1.1831  
-3.6123   
1.0256        
6.4580   
7.7791   
4.3367  
-2.9202  
-7.1042  
-4.4507  
-1.5676  
-3.9287        
-7.0125  
-2.5967   
6.5818   
6.9973  
-2.8193  
-8.5972  
-5.5901  
-2.0681        
0.0999   
4.2253   
6.9543   
3.8982  
-1.9871  
-4.3364  
-1.3325   
2.3481        
2.8015   
1.5286   
0.1167  
-1.5635  
-2.2063  
-0.5366   
1.9675   
1.9651        
-0.5920  
-1.4919  
-0.1257   
1.5940   
4.4841   
4.8372  
-1.2620  
-5.6729        
-1.9316   
3.5071   
5.4436   
4.7056   
1.9473  
-0.7903  
-1.3967  
-0.4348        
1.3296   
2.1877   
0.1504  
-2.5684  
-2.7490  
-1.1863   
0.5815   
2.3162        
2.5298   
0.3425  
-1.4319   
0.2837   
3.9460   
5.2224   
3.1658   
0.3831        
-2.0967  
-3.8655  
-3.2063  
-1.1780   
0.2048   
1.9404   
3.0735   
1.3740        
-0.8489  
-1.5037  
-1.6113  
-1.3110  
-0.7837   
0.0645   
2.0449   
2.3684        
-1.0779  
-4.2126  
-4.1948  
-3.2522  
-2.5437  
-0.8535   
1.4792   
2.5918        
2.8638   
3.6990   
3.5061   
1.0417  
-2.0403  
-4.3616  
-4.6357  
-2.8633        
-1.4226  
-0.0281   
1.5701   
0.4097  
-1.2046   
0.6533   
1.5269  
-1.1980        
-2.2871  
-0.3188   
1.5068   
2.6477   
2.4824  
-0.5776  
-3.7332  
-3.0544        
-0.4248   
0.1731  
-1.9646  
-5.1423  
-5.6292  
-1.3274   
3.4097   
3.9048        
1.1960  
-1.8022  
-3.1382  
-2.2063  
-0.5710   
0.5066   
1.7744   
2.4731        
-0.1406  
-3.7092  
-2.6357   
0.1804  
-0.3855  
-0.3704   
1.8433   
1.3684        
-1.2439  
-1.9912   
1.0825   
5.9448   
5.1860   
0.0603   
0.4102   
2.6675        
-0.4512  
-2.4612  
-0.6794  
-0.8416  
-1.0559   
1.4436   
2.3074   
0.9209        
0.5063  
-0.2617  
-1.3613   
0.8818   
3.0991   
0.1099  
-3.1692  
-2.7239        
-2.3447  
-2.7153  
-1.7134   
0.4668   
2.9277   
3.4001   
1.5193  
-0.1453        
-1.8059  
-3.4607  
-2.9883  
-0.9626   
1.0227   
1.9634   
2.2405   
3.6414        
3.3035  
-0.5725  
-2.5464  
-2.1497  
-1.9272   
1.2500   
4.6138   
2.8372        
-0.0266  
-1.5513  
-2.4600  
-0.2349   
2.2637   
1.2827  
-0.2358  
-1.7568        
-2.0544   
2.8420   
6.6611   
2.6821  
-1.9490  
-2.1411  
-2.1555  
-1.5256        
2.8066   
6.4727   
5.2029   
1.8806  
-0.7439  
-3.0159  
-3.0742   
0.7148        
4.2769   
2.6531  
-2.0046  
-3.3298  
-1.9246  
-2.8867  
-2.3721   
2.9939        
3.8811  
-1.0073  
-0.1992   
3.5020   
0.7866  
-1.1248   
3.0439   
3.6638        
-2.4167  
-6.6926  
-5.6631  
-3.0808  
-0.9363   
0.2625  
-1.0776  
-2.6711        
-0.4031   
3.3018   
4.1045   
2.4971   
0.3577  
-0.7517   
0.1072   
2.0278        
3.5046   
2.1575  
-1.4910  
-1.6313   
2.1589   
3.2642   
0.5144  
-1.5337        
-0.4209   
2.1960   
2.6860   
0.7361  
-1.2976  
-2.9929  
-2.7505   
1.0017        
4.0010   
2.8708   
0.9041   
0.1431  
-1.5066  
-2.9172  
-1.0774   
0.8450        
-0.5361  
-0.9766   
1.3740   
2.1040   
1.0696   
0.6121  
-0.0481  
-0.7996        
-1.3408  
-1.6064   
0.1848   
1.8687  
-0.2034  
-2.6489  
-1.4963   
1.1011        
1.6716  
-0.4238  
-2.6309  
-2.9138  
-2.4736  
-2.0337  
-1.4075  
-1.0977        
-0.5823   
0.1067   
0.0410  
-0.6873  
-2.2783  
-3.0271  
-0.3694   
2.4197        
1.9719   
0.5085  
-1.0701  
-1.9080   
0.6167   
2.9165   
0.5937  
-2.9937        
-4.4441  
-3.6572  
-0.7375   
1.3938   
0.3364  
-1.2903  
-1.4167  
-0.3335        
1.6531   
2.6167   
2.2380   
2.8003   
2.1279  
-1.7871  
-3.9402  
-2.4597        
-0.9329   
0.5906   
1.2385                                                     
