$宁河天津波地震记录－南北向，时间：1976.11.25  21:53   震级M=6.9震中距65km  地点：天津医院
$单位：CM/SEC/SEC    时间间隔：0.01 SEC，点数：1920  有效频宽：0.30  -- 35.00 HZ
$峰值： 145.80   AT   7.64 SEC   持续时间:19.19 SEC  适合三－四类场地土，天津波相对比较安全
$南北向非常常用  测站：02001
$丰南县东田庄西北 天津骨科医院   EW分量   台站处的烈度，7度，最大动力放大系数1.83，对应的周期0.90
$震中烈度
-3.2334  
-2.6685
-1.8950 
-1.3411
-0.6851
0.0000
0.6157
1.3083
1.9846
2.4653
2.7068 
2.8801
3.1392  
3.3665 
3.5818
3.8479
4.0579 
4.3110  
4.5691
4.7649
5.0698
4.7913   
3.3579   
1.7837
0.4622  
-1.1350  
-2.4558  
-3.1626  
-3.7888  
-4.4248  
-5.1135  
-5.7979
-6.3914  
-7.2505  
-7.4583  
-5.8911  
-3.9312  
-2.4934  
-0.6194   
0.8682
0.3789  
-1.4663 
-3.5137 
-5.0164 
-4.9956 
-3.6375 
-2.2827 
-1.1870
0.2004   
1.4092   
1.6213   
0.9922   
0.1436  
-0.5308  
-1.1541  
-2.0286
-2.5818  
-1.8530   
0.3821   
3.2683   
4.6506   
3.6294   
2.1572   
1.1377
-0.1089  
-1.2737  
-2.5752  
-3.3792  
-1.4373   
1.4177   
1.6221   
0.2542
-0.9783  
-2.2910  
-3.4729  
-4.8643  
-5.7556  
-3.8196  
-0.3743   
0.5593
-1.9419  
-5.2063  
-5.4324  
-1.5325   
2.5898   
3.2158   
1.7236   
0.6155
 -0.5508  
-1.9102  
-1.8315  
-0.4705   
0.9827   
2.5713   
3.6426   
3.1123
1.0518  
-1.6101  
-2.7439  
-1.5291   
0.2356   
1.8538   
2.7490   
1.5002
-0.6887  
-2.5720  
-3.9937  
-3.1599  
-0.7561   
0.9539   
3.0259   
4.9194
4.4607   
2.6836   
0.5596  
-0.7854   
0.6030   
2.9124   
4.6465   
7.1123
8.3003   
6.0271   
2.4280  
-0.9543  
-3.7109  
-4.2261  
-2.9053  
-1.8462
0.3567   
5.3372   
8.2996   
5.4609   
0.7559  
-3.4744  
-7.5276  
-7.8486
-4.3965  
-1.2666   
1.9431   
4.6235   
3.6611   
0.8857  
-1.6453  
-3.9224
-3.6204  
-0.6538   
2.3955   
4.8142   
5.2427   
3.1458   
0.9971  
-0.7974
-2.4548  
-1.8533   
0.2783   
0.9568  
-0.1199  
-2.4661  
-5.3376  
-6.1863
-4.3098  
-1.7844   
0.2446   
1.2605   
0.8020  
-0.0029  
-0.4258  
-1.0212
-1.6233  
-2.1670  
-2.7976  
-3.2820  
-4.1223  
-3.8489   
0.3467   
5.7683
7.8826   
7.8025   
7.8179   
7.3362   
4.8889   
0.1082  
-3.8052  
-3.8430
-2.1575  
-0.6272   
1.1118   
1.5310   
0.0137  
-1.9517  
-3.4158  
-2.9224
-0.0625   
3.2483   
5.7869   
7.0232   
7.0305   
6.2209   
3.3726  
-0.4387
-1.0869   
2.0474   
6.3669   
8.7874   
7.1777   
3.8916   
1.2466  
-1.9905
-4.2095  
-3.2053  
-1.1838   
0.4695   
2.1958   
3.9297   
5.8904   
6.4619
4.0588   
0.9036  
-1.4050  
-4.1023  
-6.9075  
-6.9382  
-3.1912   
1.0632
4.4832   
8.7183  
10.5737   
7.3779   
3.6174   
0.9666  
-2.7178  
-5.4270
-5.1492  
-2.8796  
-0.3337  
-0.2295  
-3.0137  
-6.3879  
-8.8279  
-8.1282
-3.7261   
0.3472   
1.7207   
1.8542   
1.9519   
2.2327   
2.3853   
2.5547
2.8098   
1.6304  
-0.9285  
-3.5059  
-6.4402  
-7.8691  
-4.9260  
-0.6863
-0.4600  
-3.9326  
-5.6694  
-2.7712   
0.8064   
1.6262   
0.9160  
-0.5198
-0.8931   
2.0469   
5.0447   
5.0049   
3.6199   
2.0200   
0.5154  
-0.7578
-2.5464  
-3.7261  
-3.0747  
-1.1111   
1.4763   
3.4272   
5.3992   
8.3206
8.3799   
4.2200  
-0.6284  
-5.4358  
-8.6177  
-6.9194  
-2.9063   
0.3423
3.3484   
4.0762   
0.6118  
-3.4951  
-4.1343  
-1.6826   
1.5696   
4.7710
6.5068  
5.0354   
2.1306  
-0.0823  
-2.3364  
-4.8948  
-7.4009  
-9.2542
-8.7754  
-6.6216  
-4.9495  
-3.3491  
-1.3181   
0.3499   
2.0989   
4.1536
4.5273   
2.3181  
-0.2698  
-2.3381  
-4.7659  
-5.4063  
-2.9697  
-0.4360
1.6689   
4.1184   
4.1995   
1.5503  
-1.3174  
-3.7112  
-4.2263  
1.9131
0.8933   
2.5293   
2.2822  
-0.2983  
-2.3633  
-1.5920   
0.1248   
1.6956
3.5122   
4.2466   
3.5674   
2.8247   
2.1492   
1.4341   
0.8108  
-0.0049
-0.5344  
-0.4836  
-0.3467  
-0.1482  
-0.0090   
0.0813   
0.3347   
0.3782
0.5879   
0.4480  
-2.3696  
-6.6672  
-8.7749  
-8.4556  
-7.4551  
-6.9580
-6.7505  
-5.2961  
-2.8000   
0.0691   
3.4192   
4.9500   
3.3604   
0.7441
-1.7200  
-2.9133  
-1.5874   
1.0227   
3.5349   
4.6877   
3.3843   
1.1938
-0.5342  
-1.6643  
-1.3401  
-0.2417   
0.4600   
1.1194   
1.9504   
2.9004
2.3472  
-1.1672  
-5.3005  
-8.9248 
-12.1580 
-11.6790  
-7.6697  
-4.2966
-1.0747   
2.9771   
4.9272   
3.7295   
1.6919   
0.4275  
-0.9531  
-2.9307
-3.6453  
-2.2063   
0.7092   
3.5264   
3.2886   
0.2893  
-2.8484  
-6.2866
-8.2251  
-5.9338  
-2.0767   
1.2971   
4.0796   
3.6479   
0.3931  
-2.6248
-4.7722  
-4.2495  
-0.3831   
2.6138   
2.8047   
2.0498   
1.0867   
0.2112
-0.4900  
-1.5012  
-2.3508  
-3.0940  
-4.2644  
-4.6458  
-3.4951  
-2.0347
-0.8340   
0.5068   
1.8481   
3.1230   
4.6167   
5.5967   
4.8665   
3.0088
1.4023  
-0.1465  
-1.9966  
-3.5713  
-5.2429  
-7.2180  
-7.4563  
-4.9028
-1.6328   
0.9326   
3.7146   
6.9497   
9.0835   
9.0662   
7.9731   
7.2410
6.5825   
5.6233   
4.8928   
4.1497   
3.1377   
2.6108   
2.9707   
4.0515
5.3430   
6.2886   
7.3799   
8.8230   
9.1035   
7.2627   
4.6304   
2.6145
0.4863  
-1.9236  
-2.3066 
-0.5391   
1.1265   
2.8623   
4.3430   
3.5654
1.4805  
-0.5940  
-2.6843  
-3.2781  
-2.1377  
-0.8069   
0.3962   
1.4702
2.8342  
3.7378   
1.6875  
-2.0405  
-5.4138  
-9.5439 
-11.8816  
-9.6643
-6.1399  
-3.1272  
-0.8206  
-1.2058  
-2.8423  
-3.7114  
-4.5662  
-4.3528
-2.8120  
-1.7451  
-0.6497   
0.7703   
1.8118   
3.0886   
4.0088   
3.8931
3.9187   
4.0667   
3.9341   
4.0828   
4.1292   
4.0212   
4.2297   
4.1816
4.1157   
4.4631   
3.8984   
1.9290  
-0.6045  
-3.3467  
-4.9338  
-3.9299
-1.9404  
-0.7661   
0.6101   
2.5425   
2.8020   
0.2676  
-3.2080  
-5.5393
-6.2407  
-5.8057  
-5.2559  
-5.0017  
-4.5327  
-4.1045  
-3.5937  
-2.0063
-0.2375   
1.0667   
2.9849   
4.1401   
2.9548   
1.0647  
-0.8220  
-2.5327
-2.0994   
0.3677   
2.9924   
5.4216   
7.8501  
10.5137  
12.8940  
12.9209
10.1548   
6.8286   
4.2268   
1.3064  
-1.9626  
-3.0825  
-1.3921   
0.7888
2.5762   
4.4236   
6.3542   
8.4539   
9.3506   
7.8958   
5.9646   
4.5354
2.9470   
2.3821   
3.4067   
4.5928   
5.2297   
4.7671   
2.8237   
0.6062
-1.0972  
-3.0825  
-5.4504  
-6.3955  
-4.4736  
-1.1357   
1.5286   
4.1160
7.4373   
9.5366   
8.2869   
4.3071   
0.4763  
-0.4768   
1.0500   
2.6030
3.9351   
5.5266   
5.5005   
3.2559   
0.6619  
-1.6021  
-2.8120  
-1.8347
-0.2930   
0.5242   
1.7661   
2.8831   
2.8774   
2.8398   
2.9053   
2.6819
2.7649   
2.0413  
-0.5720  
-2.5720  
-1.3262   
2.5237   
6.9148   
9.7563
9.3640   
6.5728   
4.1091   
2.0972  
-0.8257  
-2.4312  
-0.7341   
1.7290
3.7671   
6.2383   
6.9695   
4.9148   
2.5051   
0.3818  
-1.2654  
-0.9224
0.3147   
0.8081   
1.5520   
2.6863   
2.5508   
0.1682  
-3.5339  
-5.4185
-3.6382  
-0.4912   
1.9851   
4.6672   
7.6699   
9.3245   
9.0515   
8.2144
7.8767   
7.4685   
6.7888   
6.4319   
5.8816   
4.6470   
3.0969   
1.2493
-0.5237  
-2.1033  
-4.0779  
-5.8276  
-7.4751  
-9.5835  
-9.2905  
-5.5251
-1.5652   
2.1631   
5.7529   
6.3445   
4.7356   
3.3723   
1.7046   
1.0459
3.1060   
6.2854   
9.4673  
11.0134   
8.3398   
3.8381   
0.9309  
-2.3984
-6.7632  
-8.3245  
-6.6169  
-4.1680  
-1.6404  
-0.9358  
-4.2507  
-9.0032
-12.6870 
-16.6631 
-21.0647 
-24.9014 
-28.8313 
-32.8259 
-36.6150 
-40.6929
-44.2783 
-47.0029 
-49.8828 
-52.8469 
-55.6667 
-58.7258 
-61.7175 
-64.6738
-67.8438 
-70.8555 
-74.0269 
-77.4937 
-80.7388 
-84.1768 
-87.7100 
-90.9697
-94.7061 
-97.8916 
-99.2356
-100.1917
-101.2800
-102.1545
-103.3748
-104.0112
-103.9116
-104.0662
-103.7957
-103.9067
-103.4771
 -97.3298 
-86.6653 
-75.5457
-59.7354 
-36.6633 
-11.6301   
9.6406  
23.0796  
30.5474  
38.8506  
48.2139
55.8877  
63.4888  
70.9092  
77.8848  
86.1987  
92.2632  
93.0269  
92.6831
93.2090  
94.1982  
97.5562 
101.6685 
104.6597 
108.4907 
112.2075 
115.5591
121.3403 
127.7163 
133.6924 
141.0967 
145.8047 
145.3521 
143.9663 
143.1201
142.2314 
141.3418 
139.8306 
138.0703 
134.9619 
131.8486 
134.3540 
139.0259
138.2339 
132.7456 
122.2598 
107.8130  
98.2329  
93.8018  
87.8872  
81.6797
76.3535  
70.0044  
63.8862  
58.1318  
52.1846 
47.2021  
42.1880  
36.5420
31.4155  
26.0713  
20.2429  
15.2195  
11.3389  
8.7041   
6.4893   
3.4316
0.8435  
-1.9739  
-9.8955 
-22.7629 
-35.9875 
-49.2273 
-61.3223 
-68.3762
-72.7898 
-78.4312 
-83.8142 
-88.9016 
-94.7834 
-99.8013
-103.8569
-107.8228
-111.5300
-115.5840
-119.6799
-122.6833
-124.1833
-124.6765
-126.1768
-126.5835
-120.0730
-108.4912 
-97.0305 
-85.2539 
-74.5737 
-67.7224 
-61.8345 
-54.9805
-48.3882 
-41.6973 
-34.9133 
-28.8567 
-23.4763 
-18.0806 
-11.8806  
-7.9290
-9.8943 
-13.8484 
-16.1194 
-19.1680 
-21.8652 
-21.7349 
-21.8643 
-22.7361
-20.5376 
-14.8030  
-7.9370  
-1.7092   
4.3748  
11.3591  
17.9170  
24.4058
31.9160  
37.3701  
40.7515  
43.7725  
41.6367  
33.7046  
23.4839   
7.4180
-11.7329 
-24.5452 
-33.6772 
-41.6292 
-42.8049 
-40.0322 
-38.1340 
-36.8052
-39.2683 
-44.3831 
-47.8511 
-52.6270 
-55.8516 
-50.7900 
-41.3806 
-29.0549
-11.1907   
6.8550  
23.6504  
40.5796  
48.4883  
43.2603  
34.0562  
26.0781
16.8013   
5.8630  
-1.5850  
-0.8618  
5.2122  
10.0442   
9.9019   
5.0750
-0.7329  
-5.4458 
-10.5630 
-16.0095 
-19.7874 
-20.0581 
-17.4563 
-15.6238
-14.2124 
-11.5134 
-10.2166  
-8.9290  
-6.4670  
-6.6729  
-1.8589  
16.7805
37.6943  
49.9614  
55.9302  
54.6484  
45.6221  
34.7407  
22.4504   
7.4995
-2.8445  
-3.9121  
-2.3062  
-2.3672  
-1.2107  
-2.2104 
-10.3762 
-19.9780
-27.1941 
-34.8540 
-39.1731 
-36.8452 
-33.5378 
-32.1418 
-30.9143 
-30.3320
-30.1836 
-29.2100 
-28.5996 
-28.6313 
-26.2229 
-19.7854 
-11.2815  
-1.8853
8.7136  
19.7700  
30.1885  
38.7100  
44.7817  
50.3813  
56.7866  
63.2134
68.3193  
69.3936  
66.8755  
65.8257  
68.0444  
72.2637  
77.3945  
81.5620
85.8022  
90.6890  
91.8794  
89.8232  
88.2290  
84.3008  
77.6309  
74.1743
75.5137  
78.0396  
77.7939  
73.3013  
66.8647  
58.5244  
45.4321  
29.0576
12.9387  
-1.4075 
-12.5676 
-21.4907 
-32.1094 
-45.0273 
-58.0491 
-71.6899
-85.4846 
-96.5713
-106.3730
-116.5676
-124.7119
-130.5471
-132.8408
-129.6353
-125.8972
-120.1304
-103.2725 
-81.2158 
-65.2751 
-54.4814 
-45.2700 
-34.4050
-19.4336  
-2.5210  
15.9089  
32.7373  
42.8267  
50.4341  
58.2256  
65.3438
74.8184  
79.4736  
73.1396  
65.5537  
57.7012  
44.1685  
29.9912  
16.0164
4.2002   
3.0559   
7.3374   
9.0791  
11.6833  
15.0193  
17.3730  
20.9883
23.7939  
22.2908  
16.6887  
10.3528   
3.8401 
-10.7493 
-33.7629 
-51.4722
-59.1006 
-62.7043 
-62.4482 
-55.8225 
-44.5242 
-32.0374 
-19.9404  
-7.2810
4.3953  
12.2139  
17.7490  
23.7273  
30.3950  
35.3843  
35.5166  
32.1851
29.1992  
28.4434  
30.8589  
34.0786  
36.2432  
39.2583  
39.2388  
32.3633
24.8486  
18.8225  
1.0320   
5.3164   
3.9507   
3.9763   
6.2407  
11.4890
17.5142 
21.9792  
21.8936  
17.8008  
12.4006   
4.4856  
-5.2256 
-13.1423
-19.7278 
-25.0708 
-25.9138 
-22.2998 
-18.0603 
-14.4233  
-7.4099   
5.0933
17.0291  
23.2664  
26.9868  
30.1206  
29.3857  
24.7534  
18.1265   
7.6157
-5.3103 
-14.3550 
-20.1660 
-26.8074 
-30.8696 
-30.2742 
-29.2773 
-28.3752
-25.7363 
-22.7568 
-20.0078 
-17.2649 
-15.9617 
-17.0735 
-18.9746 
-18.2783
-14.6882 
-10.5374  
-6.8015  
-6.7908 
-11.9802 
-17.2295 
-24.6387 
-39.6135
-51.9907 
-51.8247 
-45.6699 
-39.1997 
-30.9041 
-22.8293 
-18.4158 
-17.0923
-16.4058 
-15.1128 
-13.8308 
-12.8020 
-11.4377  
-9.9988  
-8.5356  
-6.2039
-3.1355  
-0.1838   
2.9504   
5.5337   
4.7607   
1.4302  
-1.2292  
-4.1277
-7.1877  
-6.4338  
-1.5540   
4.3022   
9.3242  
14.2715  
20.4854  
24.0391
20.9575  
15.6245  
11.3940   
6.5684   
2.0793  
-1.1636  
-4.1606  
-7.0564
-10.2971 
-13.3452 
-16.2908 
-19.8315 
-20.8350 
-19.0159 
-17.2827 
-14.7700
-15.1333 
-22.7563 
-31.7905 
-38.9832 
-46.0652 
-52.2786 
-59.6943 
-64.3496
-58.5752 
-50.4629 
-44.1521 
-30.3184 
-16.3386 
-13.6206 
-14.1006 
-13.0466
-12.1323  
-6.1982   
3.4885  
11.8057  
20.7139  
29.4497  
37.3828  
46.8818
52.0732  
49.9775  
47.8760  
45.6460  
39.3667  
32.7305  
26.5815  
19.5498
16.2043  
18.5847  
22.4543  
23.7986  
21.9631  
19.2891  
16.8987  
14.6704
15.1616  
18.9341  
22.8225  
26.2686  
30.2012  
33.5117  
35.3784  
36.8184
38.8779  
40.6890  
42.1802  
44.6753  
45.1387  
40.2451  
33.3062  
27.3232
21.5627  
15.5723   
9.3447   
5.0410   
3.9390  
2.7898   
2.7659  
8.3386
16.3884  
22.2598  
26.1416  
28.8833  
31.7168  
34.5132  
35.3145  
35.4922
36.6123  
36.5547  
34.1226  
30.3394  
26.3862  
22.7651  
18.8572  
14.5054
9.8958   
4.7988  
-0.0879  
-4.9397 
-10.8416 
-16.8875 
-23.0830 
-30.0181
-33.6123 
-30.8274 
-26.1118 
-23.9365 
-24.1106 
-26.4348 
-29.4502 
-28.5159
-23.1074 
-17.3455 
-11.9590  
-6.3320  
-2.1875   
0.6970  
3.4353   
6.1526
9.6406  
11.0056   
6.4856  
-0.3130  
-6.1526 
-12.8872 
-19.8154 
-26.2886
-33.4004 
-38.8684 
-42.3674 
-45.6223 
-45.6404 
-41.8574 
-38.3403 
-34.9670
-30.2498 
-25.1028 
-19.5779 
-14.1169  
-8.8213  
-2.9272   
1.0745   
1.7732
2.1628   
3.1050   
3.7710   
4.9375   
6.2358   
7.3787   
8.7581   
8.6982
6.6970   
4.5723   
2.5737   
0.7422   
0.1895   
0.5444   
0.7576   
0.8916
1.1572   
1.3542   
1.5139  
1.7830   
2.0146   
2.4370   
3.0781  
3.4067
4.0330   
4.0742   
0.5508  
-5.1262 
-10.2251 
-15.8496 
-20.6875 
-23.5547
-27.3206 
-29.1548 
-24.8035 
-18.5679 
-13.3835  
-7.5146  
-1.4829   
4.5764
10.6294  
15.3171  
19.5200  
23.8352  
28.1343  
32.5610  
34.4263  
33.2935
31.3184  
26.0430  
17.2864   
9.0127   
0.4724  
-7.3909  
-9.7312  
-8.5474
-8.0247  
-7.4270  
-6.6323  
-6.1455  
-4.7278  
-2.5178  
-0.1960   
1.9636
1.6982  
-2.0178  
-6.1719  
-9.4480 
-13.4978 
-17.1963 
-18.1907 
-16.9302
-14.9512 
-13.5339 
-12.2800 
-10.1562  
-9.4104 
-11.1162 
-12.8513 
-15.0576
-18.8591 
-23.2361 
-28.2600 
-31.9941 
-32.1182 
-30.4575 
-26.9941 
-20.7524
-13.9495  
-7.0359  
-1.7217  
-2.1196  
-5.8591  
-8.8384 
-11.4541 
-12.5959
-11.1079  
-9.3091 
-8.9827 
-10.6296 
-14.0327 
-17.7258 
-19.6536 
-17.9583
-14.1045 
-10.6050  
-5.2009   
3.0986  
10.9180  
18.5471  
27.1821  
34.4150
40.1816  
44.4268  
44.4038  
42.0171  
40.4746  
38.4453  
36.3105  
35.0190
31.3413  
23.9153  
15.0808   
7.5466   
3.9241   
3.9143   
5.4622   
8.4961
12.2676  
15.7109  
18.9043  
20.4646  
20.3906  
20.6458  
20.8711  
20.9670
21.2939  
19.4431  
14.3230  
8.6130   
6.0205   
7.4204   
9.1667  
10.0425
12.0620  
11.9973   
7.0857   
1.1809  
-3.9036  
-9.2041 
-14.4302 
-19.6506
-22.3149 
-19.5959 
-15.4915 
-13.1704  
-9.9578  
-6.3145  
-5.4690  
-6.9739
-9.3291 
-11.5371 
-11.5972  
-8.8376  
-4.8879  
-2.0713  
-2.0154  
-4.2981
-7.3093  
-8.7969  
-6.2190  
-0.5295   
5.6680  
12.6140  
18.7356  
21.4600
23.0098  
23.3232  
19.1475  
13.0935   
7.8523   
2.1375  
-1.6172 
-1.1892
0.9919   
3.8833   
6.2195   
4.7478   
0.5095  
-3.1641  
-6.7371 
-11.1162
-13.8743 
-13.5142 
-12.2917 
-11.6987 
-10.9387 
-10.0198  
-8.7754  
-6.5686
-4.1431  
-2.3149  
-2.3616  
-5.0259  
-7.6814  
-9.6812 
-12.7939 
-13.2590
-8.0508  
-1.8875   
2.9802   
8.8323  
14.2185  
17.9980  
22.3088  
25.3545
24.1255  
21.2927  
19.3481  
16.6919  
13.0444   
9.4053   
5.5017   
1.7104
-1.9910  
-6.3057  
-9.3325  
-9.5664  
-9.0442  
-9.0869  
-9.0090  
-8.7769
-8.7002  
-8.6819  
-8.1580  
-6.3928  
-3.9077  
-1.6201   
0.6694   
3.0798
5.5376   
7.5999   
7.1348   
3.7424   
0.3257  
-2.5276  
-6.0674  
-9.2959
-12.4302 
-15.9912 
-17.4534 
-17.2554 
-17.7546 
-16.9360 
-14.0500 
-10.7710
-7.1118  
-5.9905  
-9.8242 
-14.8127 
-18.4038 
-20.2200 
-19.2576 
-17.8762
-17.3867 
-16.0444 
-15.5139 
-17.4211 
-20.6951 
-24.6313 
-26.7927 
-25.8787
-24.3728 
-23.3223 
-22.4160 
-20.4126 
-15.2317  
-8.9199  
-3.3760  
2.8987
8.0444  
10.4116  
12.5837  
15.2117  
17.6460  
20.1836  
22.6897  
25.3281
26.4785  
24.9370  
23.2314  
21.0176  
16.4307  
11.8147   
7.4829   
2.9426
2.1648   
5.6709   
9.4146  
12.5291  
16.1130  
19.5854 
21.2288  
20.5945
19.5349  
19.1953  
19.7356  
21.4268  
23.0222  
24.3945  
26.2378  
25.2466
19.6665  
13.2700   
7.8137   
1.9133  
-4.4155  
-9.5881 
-11.7285 
-11.6223
-11.8140 
-12.4451 
-14.7205 
-20.5405 
-26.7151 
-31.7676 
-38.3303 
-42.9321
-41.8687 
-39.6062 
-37.4412 
-31.8884 
-24.4104 
-16.9932  
-9.9551  
-6.1299
-4.8608  
-2.7478 
-1.5183  
-2.6570  
-4.0894  
-5.4197  
-6.7488  
-8.0161
-9.5779  
-8.9036  
-4.5134   
0.5159   
4.7871   
9.5017  
14.2012  
17.7944
20.7498  
24.1489  
26.2593  
24.0894  
19.7185  
16.3550  
12.5806   
8.6768
7.9243  
10.1562  
12.9419  
15.1982  
17.4944  
20.2534  
21.5354  
20.7605
19.9058  
18.0728  
14.0356   
9.5693   
5.6956   
4.1521   
6.4109   
9.0754
10.7529  
13.3916  
13.7224   
9.4944   
4.9800   
1.1626  
-3.2126  
-4.8489
-3.0535  
-1.3315   
0.1536   
1.7212   
1.1677  
-0.9927  
-2.9080  
-5.1250
-6.6162  
-4.9937  
-1.6338   
1.3445   
4.6025   
7.2043   
7.1130  
6.1694
6.0474   
5.3047   
5.1355   
7.5903  
10.6138  
13.3752  
16.6816  
17.5745
14.6702  
11.2202   
8.3833   
5.3196   
2.6101   
0.3240  
-2.0959  
-4.5906
-7.0540  
-9.5044 
-12.1716 
-14.4250 
-14.5444 
-12.6624 
-10.6597  
-9.0103
-7.1245  
-5.1348  
-3.5132  
-2.3789  
-1.6147  
-0.8840   
0.0647   
0.8960
1.6401   
2.6799   
3.4810   
4.2388   
5.4661   
5.1260   
2.2471  
-1.0203
-3.9683  
-7.0508 
-10.1541 
-13.6697 
-17.2329 
-20.8118 
-24.8274 
-26.8486
-25.5576 
-23.5337 
-22.1311 
-20.8005 
-18.4304 
-13.8032  
-8.1565  
-2.8323
2.4189   
6.3835   
8.5986  
10.7732  
13.3979  
15.4670  
15.2773  
12.5667
9.7261   
7.3245   
4.4551   
1.8638  
-1.0256  
-5.1785  
-9.8159 
-14.9907
-18.9685 
-18.2571 
-14.3623 
-10.8542  
-7.5469  
-3.8289  
-0.3496   
3.1519
6.9976  
10.3987  
12.5618  
13.7979  
14.8245  
16.0664  
17.6238  
17.7209
14.0991   
8.5391   
3.9509  
-0.7651  
-6.3589 
-10.1255 
-11.1538 
-11.5769
-12.4736 
-13.3906 
-14.1160 
-14.9380 
-15.9507 
-16.3955 
-15.7104 
-14.5820
-13.5920 
-12.6279 
-11.5933 
-10.4697  
-9.9614 
-10.7612 
-11.9006 
-12.6567
-13.5964 
-14.5825 
-15.4236 
-16.5083 
-17.5605 
-18.5544 
-19.7297 
-20.7217
-21.8560 
-22.8115 
-21.5742 
-18.2263 
-14.8035 
-11.6045  
-8.1799  
-4.7825
-1.5872   
1.2957   
4.0779   
7.0598   
9.9939  
12.9558  
16.0537  
19.0073
22.2073  
24.9966  
25.0815  
22.7935  
20.5928  
18.6172  
16.3220  
14.2454
11.9988   
9.8660   
9.4717  
10.3740  
11.2029  
12.0396  
12.8462  
13.6555
14.5132  
13.8779  
11.2493   
8.4004   
5.8899   
3.1021   
0.3518  
-2.3223
-5.3267  
-7.4849  
-7.6560  
-7.4470  
-7.5894  
-5.7400  
-1.9670   
1.4482
4.9973   
8.7278  
10.6497  
10.9939  
11.0359  
11.1824  
11.6724  
11.5149
9.4761   
5.3386   
0.1306  
-3.1658  
-3.3347 
-1.8176   
1.6482   
7.0430
13.0144  
19.2224  
23.1433  
22.5305  
20.5437  
19.7410  
18.8767  
16.8677
13.4490   
9.3113   
5.3167   
1.8867   
0.7473   
1.9172   
2.9321   
3.6433
4.6848   
5.9084   
8.1057  
10.5981  
12.6733  
15.1335  
15.7822  
12.9888
9.8096   
7.3586   
4.3296   
1.4177  
-1.3047  
-4.4651  
-7.3777 
-10.2937
-13.5950 
-16.5100 
-19.6101 
-23.0491 
-24.1196 
-21.7388 
-18.5671 
-16.1599
-13.5264 
-10.5417  
-8.1221  
-6.3215  
-4.7964  
-3.4172  
-1.8682  
-0.0720