0.000000
0.116498
0.231409
0.343169
0.450256
0.551211
0.644659
0.729329
0.804066
0.867854
0.919823
0.959266
0.985645
0.998602
0.997960
0.983728
0.956099
0.915450
0.862334
0.797474
0.721755
0.636207
0.541995
0.440402
0.332811
0.220689
0.105560
-0.011005
-0.127421
-0.242102
-0.353485
-0.460055
-0.560360
-0.653033
-0.736814
-0.810561
-0.873269
-0.924085
-0.962317
-0.987444
-0.999123
-0.997197
-0.981691
-0.952816
-0.910965
-0.856709
-0.790786
-0.714094
-0.627678
-0.532713
-0.430495
-0.322413
-0.209941
-0.094610
0.022009
0.138329
0.252765
0.363758
0.469798
0.569441
0.661328
0.744210
0.816957
0.878578
0.928235
0.965251
0.989122
0.999524
0.996313
0.979535
0.949417
0.906371
0.850981
0.784002
0.706347
0.619072
0.523367
0.420535
0.311976
0.199169
0.083649
-0.033010
-0.149220
-0.263397
-0.373988
-0.479485
-0.578453
-0.669543
-0.751516
-0.823254
-0.883781
-0.932273
-0.968069
-0.990681
-0.999803
-0.995309
-0.977261
-0.945904
-0.901666
-0.845149
-0.777123
-0.698514
-0.610392
-0.513958
-0.410525
-0.301501
-0.188372
-0.072677
0.044008
0.160093
0.273998
0.384172
0.489114
0.587395
0.677677
0.758730
0.829451
0.888877
0.936197
0.970769
0.992120
0.999961
0.994184
0.974868
0.942276
0.896853
0.839215
0.770150
0.690596
0.601638
0.504487
0.400465
0.290990
0.177552
0.061696
-0.054999
-0.170946
-0.284565
-0.394309
-0.498683
-0.596266
-0.685729
-0.765853
-0.835549
-0.893865
-0.940009
-0.973351
-0.993439
-0.999998
-0.992938
-0.972357
-0.938534
-0.891930
-0.833180
-0.763083
-0.682595
-0.592811
-0.494954
-0.390357
-0.280443
-0.166711
-0.050708
0.065985
0.181779
0.295098
0.404399
0.508192
0.605065
0.693698
0.772884
0.841544
0.898745
0.943706
0.975816
0.994637
0.999913
0.991573
0.969729
0.934679
0.886900
0.827044
0.755924
0.674511
0.583912
0.485361
0.380201
0.269863
0.155850
0.039714
-0.076962
-0.192590
-0.305596
-0.414439
-0.517639
-0.613790
-0.701582
-0.779820
-0.847438
-0.903516
-0.947290
-0.978163
-0.995715
-0.999708
-0.990087
-0.966982
-0.930710
-0.881762
-0.820807
-0.748674
-0.666345
-0.574942
-0.475710
-0.369999
-0.259250
-0.144970
-0.028715
0.087930
0.203378
0.316056
0.424430
0.527024
0.622441
0.709382
0.786662
0.853230
0.908178
0.950758
0.980391
0.996673
0.999382
0.988481
0.964119
0.926628
0.876518
0.814471
0.741333
0.658099
0.565903
0.466001
0.359752
0.248605
0.134072
0.017713
-0.098887
-0.214141
-0.326478
-0.434369
-0.536345
-0.631017
-0.717096
-0.793409
-0.858918
-0.912729
-0.954111
-0.982500
-0.997509
-0.998934
-0.986756
-0.961139
-0.922434
-0.871167
-0.808036
-0.733902
-0.649773
-0.556795
-0.456235
-0.349462
-0.237930
-0.123158
-0.006708
0.109832
0.224878
0.336860
0.444256
0.545601
0.639516
0.724723
0.800060
0.864501
0.917170
0.957349
0.984491
0.998225
0.998366
0.984911
0.958043
0.918129
0.865711
0.801504
0.726382
0.641368
0.547620
0.446415
0.339130
0.227227
0.112229
-0.004297
-0.120764
-0.235587
-0.347202
-0.454088
-0.554791
-0.647938
-0.732262
-0.806613
-0.869981
-0.921500
-0.960471
-0.986362
-0.998820
-0.997677
-0.982947
-0.954831
-0.913712
-0.860150
-0.794874
-0.718774
-0.632886
-0.538379
-0.436540
-0.328756
-0.216495
-0.101286
0.015302
0.131682
0.246268
0.357501
0.463866
0.563913
0.656281
0.739712
0.813070
0.875354
0.925719
0.963476
0.988113
0.999294
0.996866
0.980863
0.951503
0.909184
0.854485
0.788149
0.711080
0.624327
0.529072
0.426612
0.318343
0.205738
0.090332
-0.026305
-0.142583
-0.256920
-0.367758
-0.473587
-0.572968
-0.664545
-0.747073
-0.819427
-0.880622
-0.929825
-0.966365
-0.989745
-0.999647
-0.995935
-0.978661
-0.948059
-0.904547
-0.848716
-0.781327
-0.703299
-0.615692
-0.519701
-0.416633
-0.307891
-0.194956
-0.079366
0.037305
0.153467
0.267540
0.377969
0.483252
0.581953
0.672729
0.754344
0.825686
0.885783
0.933819
0.969137
0.991257
0.999879
0.994884
0.976341
0.944501
0.899800
0.842845
0.774411
0.695432
0.606983
0.510267
0.406603
0.297402
0.184150
0.068391
-0.048300
-0.164333
-0.278128
-0.388135
-0.492857
-0.590867
-0.680831
-0.761523
-0.831844
-0.890837
-0.937699
-0.971791
-0.992649
-0.999990
-0.993712
-0.973902
-0.940829
-0.894944
-0.836871
-0.767402
-0.687482
-0.598200
-0.500772
-0.396524
-0.286876
-0.173322
-0.057407
0.059289
0.175179
0.288682
0.398254
0.502403
0.599710
0.688850
0.768609
0.837902
0.895783
0.941466
0.974328
0.993921
0.999979
0.992419
0.971345
0.937042
0.889979
0.830796
0.760299
0.679448
0.589345
0.491216
0.386397
0.276316
0.162473
0.046417
-0.070272
-0.186003
-0.299201
-0.408325
-0.511888
-0.608480
-0.696786
-0.775603
-0.843858
-0.900621
-0.945119
-0.976747
-0.995073
-0.999848
-0.991007
-0.968670
-0.933142
-0.884907
-0.824620
-0.753104
-0.671332
-0.580418
-0.481600
-0.376223
-0.265723
-0.151604
-0.035420
0.081245
0.196805
0.309684
0.418346
0.521311
0.617177
0.704638
0.782503
0.849712
0.905349
0.948657
0.979047
0.996104
0.999595
0.989474
0.965878
0.929129
0.879727
0.818345
0.745818
0.663135
0.571421
0.471926
0.366004
0.255097
0.140717
0.024420
-0.092209
-0.207583
-0.320130
-0.428317
-0.530671
-0.625799
-0.712404
-0.789308
-0.855463
-0.909968
-0.952081
-0.981229
-0.997014
-0.999221
-0.987822
-0.962970
-0.925004
-0.874441
-0.811970
-0.738442
-0.654858
-0.562355
-0.462195
-0.355740
-0.244441
-0.129812
-0.013416
0.103162
0.218336
0.330536
0.438236
0.539967
0.634345
0.720084
0.796017
0.861110
0.914476
0.955389
0.983292
0.997803
0.998727
0.986050
0.959944
0.920766
0.869049
0.805498
0.730976
0.646501
0.553221
0.452407
0.345433
0.233754
0.118892
0.002411
-0.114102
-0.229062
-0.340903
-0.448101
-0.549197
-0.642814
-0.727677
-0.802630
-0.866653
-0.918874
-0.958582
-0.985235
-0.998472
-0.998111
-0.984158
-0.956803
-0.916417
-0.863552
-0.798927
-0.723422
-0.638066
-0.544020
-0.442565
-0.335084
-0.223040
-0.107958
0.008594
0.125029
0.239761
0.351228
0.457912
0.558361
0.651205
0.735181
0.809146
0.872091
0.923161
0.961658
0.987060
0.999020
0.997375
0.982147
0.953545
0.911957
0.857950
0.792260
0.715780
0.629553
0.534753
0.432670
0.324695
0.212298
0.097011
-0.019598
-0.135940
-0.250431
-0.361511
-0.467668
-0.567457
-0.659518
-0.742597
-0.815564
-0.877424
-0.927335
-0.964618
-0.988765
-0.999446
-0.996517
-0.980018
-0.950172
-0.907387
-0.852245
-0.785497
-0.708052
-0.620964
-0.525421
-0.422722
-0.314266
-0.201531
-0.086051
0.030600
0.146835
0.261070
0.371750
0.477368
0.576484
0.667750
0.749923
0.821883
0.882650
0.931398
0.967461
0.990350
0.999752
0.995539
0.977769
0.946684
0.902706
0.846436
0.778638
0.700237
0.612300
0.516025
0.412723
0.303800
0.190740
0.075082
-0.041598
-0.157712
-0.271678
-0.381944
-0.487009
-0.585442
-0.675902
-0.757157
-0.828102
-0.887769
-0.935347
-0.970187
-0.991815
-0.999937
-0.994441
-0.975402
-0.943081
-0.897917
-0.840524
-0.771686
-0.692338
-0.603562
-0.506567
-0.402674
-0.293296
-0.179925
-0.064103
0.052592
0.168570
0.282253
0.392092
0.496591
0.594328
0.683972
0.764301
0.834221
0.892781
0.939183
0.972796
0.993160
1.000000
0.993222
0.972917
0.939364
0.893018
0.834511
0.764640
0.684355
0.594751
0.497048
0.392576
0.282757
0.169088
0.053117
-0.063578
-0.179407
-0.292793
-0.402192
-0.506114
-0.603143
-0.691959
-0.771351
-0.840239
-0.897685
-0.942906
-0.975286
-0.994385
-0.999942
-0.991882
-0.970315
-0.935533
-0.888011
-0.828397
-0.757501
-0.676289
-0.585868
-0.487468
-0.382430
-0.272184
-0.158231
-0.042124
0.074557
0.190223
0.303299
0.412244
0.515575
0.611885
0.699862
0.778308
0.846156
0.902480
0.946514
0.977659
0.995489
0.999764
0.990423
0.967594
0.931589
0.882897
0.822182
0.750270
0.668142
0.576914
0.477830
0.372238
0.261578
0.147355
0.031126
-0.085528
-0.201016
-0.313767
-0.422245
-0.524973
-0.620552
-0.707680
-0.785171
-0.851969
-0.907166
-0.950008
-0.979913
-0.996473
-0.999464
-0.988843
-0.964757
-0.927532
-0.877676
-0.815868
-0.742949
-0.659913
-0.567890
-0.468133
-0.362001
-0.250940
-0.136461
-0.020124
0.096487
0.211784
0.324198
0.432196
0.534308
0.629144
0.715413
0.791939
0.857680
0.911741
0.953386
0.982048
0.997336
0.999043
0.987144
0.961802
0.923363
0.872349
0.809455
0.735538
0.651604
0.558797
0.458380
0.351721
0.240272
0.125551
0.009120
-0.107435
-0.222527
-0.334589
-0.442094
-0.543578
-0.637661
-0.723059
-0.798611
-0.863287
-0.916207
-0.956650
-0.984065
-0.998079
-0.998501
-0.985325
-0.958731
-0.919082
-0.866915
-0.802944
-0.728037
-0.643217
-0.549636
-0.448571
-0.341397
-0.229574
-0.114625
0.001886
0.118370
0.233243
0.344939
0.451938
0.552783
0.646099
0.730617
0.805186
0.868789
0.920561
0.959797
0.985962
0.998700
0.997838
0.983387
0.955544
0.914689
0.861377
0.796335
0.720449
0.634751
0.540409
0.438708
0.331033
0.218849
0.103685
-0.012891
-0.129291
-0.243931
-0.355248
-0.461728
-0.561920
-0.654460
-0.738087
-0.811663
-0.874186
-0.924804
-0.962828
-0.987740
-0.999201
-0.997054
-0.981330
-0.952242
-0.910186
-0.855735
-0.789631
-0.712773
-0.626209
-0.531117
-0.428792
-0.320628
-0.208097
-0.092733
0.023894
0.140196
0.254589
0.365514
0.471462
0.570990
0.662742
0.745468
0.818043
0.879477
0.928935
0.965742
0.989398
0.999580
0.996150
0.979154
0.948824
0.905572
0.849989
0.782830
0.705011
0.617591
0.521760
0.418824
0.310184
0.197320
0.081770
-0.034895
-0.151084
-0.265216
-0.375736
-0.481139
-0.579990
-0.670943
-0.752758
-0.824323
-0.884662
-0.932953
-0.968540
-0.990936
-0.999838
-0.995125
-0.976859
-0.945291
-0.900849
-0.844140
-0.775935
-0.697163
-0.608898
-0.512340
-0.408805
-0.299703
-0.186520
-0.070796
0.045891
0.161954
0.275811
0.385912
0.490757
0.588920
0.679062
0.759957
0.830503
0.889739
0.936859
0.971220
0.992355
0.999976
0.993979
0.974446
0.941643
0.896017
0.838189
0.768946
0.689231
0.600131
0.502858
0.398737
0.289186
0.175696
0.059814
-0.056882
-0.172804
-0.286372
-0.396041
-0.500317
-0.597779
-0.687100
-0.767064
-0.836583
-0.894709
-0.940650
-0.973782
-0.993653
-0.999992
-0.992713
-0.971915
-0.937882
-0.891076
-0.832136
-0.761863
-0.681216
-0.591291
-0.493315
-0.388620
-0.278633
-0.164852
-0.048825
0.067866
0.183633
0.296899
0.406123
0.509815
0.606565
0.695054
0.774079
0.842561
0.899570
0.944328
0.976227
0.994831
0.999887
0.991327
0.969266
0.934007
0.886027
0.825982
0.754689
0.673118
0.582380
0.483712
0.378456
0.268047
0.153987
0.037830
-0.078842
-0.194440
-0.307390
-0.416155
-0.519252
-0.615278
-0.702925
-0.780999
-0.848438
-0.904322
-0.947892
-0.978553
-0.995888
-0.999661
-0.989820
-0.966500
-0.930018
-0.880871
-0.819729
-0.747423
-0.664938
-0.573399
-0.474050
-0.368247
-0.257428
-0.143104
-0.026831
0.089808
0.205223
0.317844
0.426137
0.528626
0.623916
0.710710
0.787825
0.854211
0.908965
0.951341
0.980761
0.996825
0.999314
0.988194
0.963617
0.925917
0.875609
0.813376
0.740066
0.656678
0.564348
0.464332
0.357992
0.246778
0.132203
0.015828
-0.100763
-0.215982
-0.328259
-0.436067
-0.537935
-0.632479
-0.718409
-0.794555
-0.859882
-0.913498
-0.954674
-0.982850
-0.997641
-0.998846
-0.986448
-0.960617
-0.921704
-0.870240
-0.806924
-0.732620
-0.648339
-0.555228
-0.454557
-0.347695
-0.236098
-0.121286
-0.004823
0.111706
0.226714
0.338635
0.445944
0.547180
0.640965
0.726021
0.801189
0.865448
0.917920
0.957892
0.984820
0.998336
0.998256
0.984583
0.957501
0.917380
0.864766
0.800375
0.725085
0.639920
0.546042
0.444727
0.337355
0.225390
0.110355
-0.006183
-0.122636
-0.237419
-0.348970
-0.455767
-0.556359
-0.649373
-0.733545
-0.807727
-0.870909
-0.922231
-0.960994
-0.986670
-0.998910
-0.997546
-0.982598
-0.954269
-0.912944
-0.859187
-0.793729
-0.717462
-0.631425
-0.536789
-0.434843
-0.326975
-0.214654
-0.099410
0.017187
0.133551
0.248096
0.359262
0.465536
0.565470
0.657703
0.740980
0.814166
0.876265
0.926430
0.963980
0.988401
0.999363
0.996715
0.980494
0.950921
0.908398
0.853504
0.786987
0.709752
0.622853
0.527471
0.424906
0.316555
0.203893
0.088454
-0.028190
-0.144449
-0.258742
-0.369510
-0.475247
-0.574512
-0.665953
-0.748325
-0.820507
-0.881514
-0.930517
-0.966848
-0.990013
-0.999695
-0.995764
-0.978272
-0.947458
-0.903741
-0.847717
-0.780149
-0.701957
-0.614205
-0.518089
-0.414918
-0.306096
-0.193106
-0.077486
0.039189
0.155330
0.269356
0.379714
0.484901
0.583485
0.674123
0.755580
0.826748
0.886657
0.934491
0.969600
0.991504
0.999906
0.994692
0.975931
0.943880
0.898975
0.841828
0.773217
0.694076
0.605483
0.508645
0.404880
0.295601
0.182296
0.066509
-0.050183
-0.166193
-0.279939
-0.389872
-0.494497
-0.592387
-0.682211
-0.762743
-0.832889
-0.891692
-0.938353
-0.972234
-0.992876
-0.999996
-0.993499
-0.973472
-0.940188
-0.894101
-0.835837
-0.766191
-0.686111
-0.596688
-0.499139
-0.394792
-0.285069
-0.171464
-0.055525
0.061172
0.177035
0.290487
0.399983
0.504032
0.601218
0.690216
0.769814
0.838929
0.896620
0.942100
0.974751
0.994127
0.999965
0.992186
0.970895
0.936382
0.889118
0.829745
0.759073
0.678064
0.587821
0.489572
0.384657
0.274504
0.160612
0.044533
-0.072152
-0.187855
-0.301000
-0.410045
-0.513507
-0.609976
-0.698137
-0.776792
-0.844868
-0.901439
-0.945733
-0.977149
-0.995258
-0.999813
-0.990753
-0.968200
-0.932463
-0.884027
-0.823552
-0.751863
-0.669934
-0.578882
-0.479947
-0.374475
-0.263905
-0.149740
-0.033536
0.083125
0.198653
0.311477
0.420058
0.522919
0.618659
0.705974
0.783675
0.850704
0.906148
0.949252
0.979429
0.996268
0.999540
0.989200
0.965388
0.928431
0.878829
0.817260
0.744561
0.661723
0.569873
0.470263
0.364248
0.253273
0.138850
0.022535
-0.094087
-0.209427
-0.321915
-0.430020
-0.532268
-0.627268
-0.713726
-0.790464
-0.856438
-0.910748
-0.952656
-0.981591
-0.997158
-0.999145
-0.987527
-0.962460
-0.924286
-0.873525
-0.810868
-0.737169
-0.653431
-0.560795
-0.460522
-0.353977
-0.242612
-0.127943
-0.011531
0.105037
0.220176
0.332315
0.439930
0.541553
0.635801
0.721391
0.797157
0.862067
0.915238
0.955944
0.983633
0.997926
0.998630
0.985734
0.959414
0.920029
0.868115
0.804379
0.729688
0.645061
0.551649
0.450725
0.343663
0.231921
0.117020
0.000526
-0.115975
-0.230897
-0.342675
-0.449786
-0.550772
-0.644257
-0.728969
-0.803753
-0.867592
-0.919616
-0.959117
-0.985556
-0.998574
-0.997994
-0.983822
-0.956253
-0.915661
-0.862600
-0.797792
-0.722119
-0.636613
-0.542437
-0.440874
-0.333307
-0.221201
-0.106083
0.010479
0.126899
0.241591
0.352993
0.459588
0.559924
0.652635
0.736458
0.810252
0.873013
0.923884
0.962174
0.987360
0.999101
0.997236
0.981791
0.952975
0.911182
0.856980
0.791108
0.714462
0.628087
0.533158
0.430969
0.322911
0.210455
0.095134
-0.021483
-0.137808
-0.252256
-0.363269
-0.469334
-0.569008
-0.660934
-0.743859
-0.816653
-0.878327
-0.928039
-0.965114
-0.989045
-0.999507
-0.996358
-0.979641
-0.949582
-0.906593
-0.851257
-0.784328
-0.706719
-0.619485
-0.523816
-0.421012
-0.312476
-0.199684
-0.084173
0.032485
0.148700
0.262890
0.373500
0.479024
0.578024
0.669153
0.751169
0.822955
0.883535
0.932082
0.967937
0.990610
0.999792
0.995360
0.977372
0.946075
0.901893
0.845430
0.777454
0.698890
0.610809
0.514409
0.411004
0.302003
0.188888
0.073201
-0.043482
-0.159574
-0.273492
-0.383686
-0.488655
-0.586969
-0.677290
-0.758388
-0.829158
-0.888636
-0.936013
-0.970642
-0.992054
-0.999956
-0.994240
-0.974985
-0.942452
-0.897085
-0.839501
-0.770485
-0.690976
-0.602058
-0.504941
-0.400947
-0.291493
-0.178070
-0.062221
0.054474
0.170428
0.284061
0.393826
0.498227
0.595844
0.685346
0.765515
0.835259
0.893629
0.939829
0.973231
0.993379
0.999999
0.993001
0.972480
0.938716
0.892168
0.833471
0.763423
0.682979
0.593234
0.495411
0.390841
0.280948
0.167230
0.051234
-0.065460
-0.181262
-0.294596
-0.403918
-0.507739
-0.604646
-0.693319
-0.772550
-0.841260
-0.898514
-0.943532
-0.975701
-0.994583
-0.999920
-0.991641
-0.969857
-0.934865
-0.887143
-0.827339
-0.756269
-0.674899
-0.584339
-0.485821
-0.380687
-0.270369
-0.156369
-0.040240
0.076438
0.192074
0.305095
0.413961
0.517189
0.613375
0.701207
0.779491
0.847159
0.903291
0.947121
0.978053
0.995667
0.999721
0.990161
0.967116
0.930902
0.882010
0.821107
0.749022
0.666737
0.575373
0.476172
0.370488
0.259757
0.145490
0.029241
-0.087406
-0.202863
-0.315557
-0.423954
-0.526577
-0.622030
-0.709011
-0.786337
-0.852955
-0.907957
-0.950595
-0.980287
-0.996630
-0.999400
-0.988561
-0.964259
-0.926826
-0.876771
-0.814776
-0.741686
-0.658495
-0.566337
-0.466466
-0.360243
-0.249114
-0.134593
-0.018239
0.098364
0.213627
0.325981
0.433895
0.535901
0.630609
0.716729
0.793089
0.858648
0.912514
0.953954
0.982402
0.997472
0.998958
0.986841
0.961284
0.922637
0.871425
0.808346
0.734259
0.650173
0.557232
0.456703
0.349955
0.238441
0.123680
0.007234
-0.109310
-0.224365
-0.336365
-0.443784
-0.545160
-0.639112
-0.724360
-0.799744
-0.864237
-0.916961
-0.957197
-0.984398
-0.998194
-0.998396
-0.985002
-0.958194
-0.918337
-0.865974
-0.801818
-0.726743
-0.641772
-0.548060
-0.446885
-0.339624
-0.227739
-0.112751
0.003771
0.120242
0.235076
0.346709
0.453620
0.554353
0.647538
0.731904
0.806303
0.869721
0.921296
0.960324
0.986275
0.998794
0.997712
0.983043
0.954987
0.913925
0.860418
0.795193
0.719140
0.633293
0.538822
0.437013
0.329253
0.217009
0.101810
-0.014776
-0.131160
-0.245759
-0.357010
-0.463400
-0.563479
-0.655885
-0.739358
-0.812763
-0.875100
-0.925520
-0.963335
-0.988032
-0.999274
-0.996908
-0.980965
-0.951664
-0.909403
-0.854758
-0.788472
-0.711449
-0.624738
-0.529518
-0.427088
-0.318841
-0.206253
-0.090855
0.025779
0.142063
0.256412
0.367269
0.473124
0.572537
0.664152
0.746723
0.819126
0.880373
0.929631
0.966230
0.989670
0.999633
0.995983
0.978769
0.948226
0.904771
0.848994
0.781655
0.703672
0.616106
0.520150
0.417111
0.308391
0.195472
0.079890
-0.036779
-0.152948
-0.267033
-0.377483
-0.482791
-0.581525
-0.672340
-0.753998
-0.825389
-0.885539
-0.933630
-0.969007
-0.991188
-0.999871
-0.994937
-0.976454
-0.944674
-0.900029
-0.843127
-0.774744
-0.695810
-0.607401
-0.510720
-0.407083
-0.297904
-0.184667
-0.068915
0.047775
0.163814
0.277623
0.387651
0.492400
0.590443
0.680445
0.761182
0.831552
0.890598
0.937516
0.971667
0.992586
0.999987
0.993771
0.974021
0.941007
0.895178
0.837159
0.767739
0.687864
0.598621
0.501227
0.397007
0.287380
0.173840
0.057932
-0.058764
-0.174661
-0.288179
-0.397772
-0.501948
-0.599289
-0.688469
-0.768273
-0.837614
-0.895549
-0.941289
-0.974209
-0.993863
-0.999982
-0.992484
-0.971470
-0.937226
-0.890219
-0.831089
-0.760641
-0.679834
-0.589770
-0.491674
-0.386882
-0.276822
-0.162992
-0.046942
0.069747
0.185486
0.298699
0.407845
0.511436
0.608063
0.696409
0.775271
0.843575
0.900392
0.944947
0.976634
0.995020
0.999857
0.991077
0.968801
0.933331
0.885152
0.824918
0.753450
0.671722
0.580846
0.482061
0.376710
0.266230
0.152124
0.035946
-0.080721
-0.196289
-0.309184
-0.417869
-0.520862
-0.616763
-0.704265
-0.782175
-0.849434
-0.905126
-0.948491
-0.978940
-0.996057
-0.999610
-0.989550
-0.966015
-0.929324
-0.879977
-0.818647
-0.746169
-0.663529
-0.571853
-0.472389
-0.366493
-0.255606
-0.141237
-0.024946
0.091686
0.207069
0.319631
0.427842
0.530225
0.625388
0.712035
0.788985
0.855190
0.909750
0.951920
0.981127
0.996973
0.999242
0.987903
0.963111
0.925204
0.874696
0.812277
0.738797
0.655255
0.562790
0.462661
0.356231
0.244950
0.130334
0.013942
-0.102639
-0.217823
-0.330040
-0.437763
-0.539524
-0.633938
-0.719719
-0.795699
-0.860843
-0.914263
-0.955234
-0.983196
-0.997768
-0.998753
-0.986137
-0.960091
-0.920971
-0.869309
-0.805809
-0.731335
-0.646902
-0.553659
-0.452876
-0.345926
-0.234266
-0.119415
-0.002937
0.113580
0.228550
0.340409
0.447631
0.548757
0.642411
0.727316
0.802316
0.866391
0.918667
0.958432
0.985145
0.998443
0.998143
0.984251
0.956955
0.916628
0.863817
0.799243
0.723785
0.638470
0.544461
0.443037
0.335580
0.223552
0.108481
-0.008068
-0.124507
-0.239251
-0.350736
-0.457445
-0.557924
-0.650806
-0.734825
-0.808837
-0.871834
-0.922958
-0.961514
-0.986975
-0.998996
-0.997413
-0.982246
-0.953703
-0.912173
-0.858220
-0.792581
-0.716147
-0.629962
-0.535197
-0.433144
-0.325192
-0.212812
-0.097534
0.019072
0.135419
0.249922
0.361021
0.467203
0.567024
0.659122
0.742245
0.815259
0.877172
0.927138
0.964479
0.988686
0.999429
0.996561
0.980122
0.950336
0.907608
0.852520
0.785822
0.708423
0.621376
0.525868
0.423198
0.314766
0.202046
0.086575
-0.030075
-0.146315
-0.260563
-0.371262
-0.476905
-0.576054
-0.667359
-0.749575
-0.821583
-0.882403
-0.931206
-0.967328
-0.990277
-0.999740
-0.995589
-0.977879
-0.946853
-0.902932
-0.846716
-0.778968
-0.700613
-0.612716
-0.516476
-0.413202
-0.304301
-0.191256
-0.075606
0.041073
0.157193
0.271172
0.381458
0.486550
0.585015
0.675514
0.756814
0.827807
0.887527
0.935161
0.970060
0.991748
0.999930
0.994496
0.975518
0.943256
0.898148
0.840809
0.772020
0.692718
0.603982
0.507021
0.403155
0.293799
0.180442
0.064628
-0.052066
-0.168052
-0.281748
-0.391608
-0.496135
-0.593905
-0.683588
-0.763961
-0.833931
-0.892544
-0.939003
-0.972674
-0.993099
-1.000000
-0.993283
-0.973039
-0.939544
-0.893255
-0.834801
-0.764978
-0.684739
-0.595174
-0.497504
-0.393059
-0.283262
-0.169607
-0.053642
0.063054
0.178890
0.292291
0.401711
0.505660
0.602723
0.691579
0.771016
0.839954
0.897453
0.942731
0.975170
0.994329
0.999948
0.991949
0.970442
0.935719
0.888253
0.828691
0.757844
0.676677
0.586294
0.487927
0.382916
0.272690
0.158750
0.042649
-0.074033
-0.189707
-0.302798
-0.411765
-0.515124
-0.611469
-0.699486
-0.777978
-0.845875
-0.902253
-0.946344
-0.977548
-0.995439
-0.999775
-0.990495
-0.967727
-0.931780
-0.883144
-0.822481
-0.750618
-0.668533
-0.577343
-0.478291
-0.372726
-0.262085
-0.147875
-0.031651
0.085004
0.200501
0.313268
0.421769
0.524526
0.620140
0.707309
0.784845
0.851694
0.906944
0.949844
0.979808
0.996429
0.999481
0.988921
0.964895
0.927728
0.877928
0.816172
0.743301
0.660308
0.568322
0.468598
0.362492
0.251449
0.136982
0.020650
-0.095964
-0.211270
-0.323700
-0.431721
-0.533864
-0.628736
-0.715045
-0.791618
-0.857410
-0.911525
-0.953228
-0.981949
-0.997298
-0.999066
-0.987228
-0.961946
-0.923564
-0.872606
-0.809763
-0.735894
-0.652003
-0.559233
-0.458847
-0.352213
-0.240782
-0.126072
-0.009646
0.106912
0.222015
0.334093
0.441622
0.543137
0.637255
0.722696
0.798294
0.863021
0.915996
0.956496
0.983971
0.998046
0.998529
0.985415
0.958881
0.919289
0.867177
0.803257
0.728398
0.643619
0.550076
0.449041
0.341892
0.230086
0.115147
-0.001360
-0.117848
-0.232732
-0.344446
-0.451469
-0.552345
-0.645698
-0.730258
-0.804874
-0.868529
-0.920356
-0.959649
-0.985874
-0.998673
-0.997872
-0.983482
-0.955699
-0.914901
-0.861644
-0.796653
-0.720813
-0.635157
-0.540852
-0.439181
-0.331529
-0.219362
-0.104208
0.012365
0.128770
0.243421
0.354757
0.461262
0.561485
0.654062
0.737733
0.811356
0.873931
0.924604
0.962686
0.987658
0.999179
0.997094
0.981431
0.952402
0.910404
0.856007
0.789953
0.713142
0.626619
0.531562
0.429267
0.321126
0.208612
0.093257
-0.023368
-0.139675
-0.254080
-0.365025
-0.470998
-0.570558
-0.662348
-0.745117
-0.817740
-0.879227
-0.928740
-0.965606
-0.989321
-0.999565
-0.996196
-0.979260
-0.948990
-0.905795
-0.850266
-0.783157
-0.705384
-0.618004
-0.522208
-0.419301
-0.310684
-0.197836
-0.082294
0.034369
0.150564
0.264709
0.375248
0.480678
0.579562
0.670553
0.752412
0.824025
0.884416
0.932764
0.968409
0.990866
0.999829
0.995176
0.976971
0.945462
0.901077
0.844422
0.776267
0.697540
0.609315
0.512791
0.409285
0.300205
0.187036
0.071321
-0.045366
-0.161435
-0.275305
-0.385427
-0.490299
-0.588495
-0.678676
-0.759616
-0.830210
-0.889499
-0.936674
-0.971094
-0.992290
-0.999972
-0.994036
-0.974564
-0.941820
-0.896250
-0.838475
-0.769282
-0.689612
-0.600551
-0.503312
-0.399219
-0.289689
-0.176214
-0.060339
0.056357
0.172286
0.285869
0.395558
0.499861
0.597357
0.686718
0.766727
0.836295
0.894474
0.940472
0.973662
0.993594
0.999994
0.992776
0.972039
0.938064
0.891315
0.832427
0.762204
0.681601
0.591715
0.493772
0.389104
0.279138
0.165370
0.049350
-0.067341
-0.183116
-0.296397
-0.405642
-0.509363
-0.606147
-0.694676
-0.773746
-0.842278
-0.899340
-0.944155
-0.976113
-0.994777
-0.999895
-0.991396
-0.969396
-0.934194
-0.886271
-0.826278
-0.755034
-0.673507
-0.582808
-0.484172
-0.378943
-0.268553
-0.154507
-0.038356
0.078318
0.193924
0.306890
0.415677
0.518802
0.614863
0.702550
0.780671
0.848159
0.904098
0.947724
0.978444
0.995840
0.999674
0.989895
0.966635
0.930211
0.881120
0.820030
0.747772
0.665331
0.573829
0.474513
0.368736
0.257936
0.143624
0.027356
-0.089284
-0.204709
-0.317346
-0.425661
-0.528179
-0.623505
-0.710340
-0.787501
-0.853938
-0.908746
-0.951179
-0.980658
-0.996783
-0.999333
-0.988274
-0.963757
-0.926116
-0.875862
-0.813681
-0.740420
-0.657075
-0.564782
-0.464797
-0.358483
-0.247288
-0.132724
-0.016353
0.100240
0.215469
0.327763
0.435593
0.537492
0.632071
0.718043
0.794236
0.859613
0.913284
0.954518
0.982753
0.997604
0.998871
0.986534
0.960763
0.921908
0.870499
0.807235
0.732978
0.648739
0.555665
0.455025
0.348188
0.236609
0.121808
0.005349
-0.111184
-0.226202
-0.338140
-0.445473
-0.546740
-0.640561
-0.725659
-0.800875
-0.865184
-0.917711
-0.957741
-0.984728
-0.998305
-0.998287
-0.984675
-0.957652
-0.917589
-0.865030
-0.800690
-0.725447
-0.640324
-0.546482
-0.445198
-0.337850
-0.225902
-0.110878
0.005657
0.122114
0.236908
0.348477
0.455299
0.555922
0.648973
0.733187
0.807416
0.870650
0.922028
0.960849
0.986585
0.998885
0.997583
0.982696
0.954426
0.913158
0.859456
0.794049
0.717828
0.631833
0.537232
0.435316
0.327472
0.215168
0.099934
-0.016661
-0.133030
-0.247586
-0.358771
-0.465070
-0.565036
-0.657307
-0.740627
-0.813860
-0.876011
-0.926232
-0.963840
-0.988321
-0.999344
-0.996758
-0.980598
-0.951083
-0.908617
-0.853778
-0.787311
-0.710123
-0.623264
-0.527918
-0.425382
-0.317053
-0.204407
-0.088977
0.027664
0.143929
0.258234
0.369022
0.474785
0.574082
0.665561
0.747976
0.820206
0.881266
0.930324
0.966714
0.989939
0.999682
0.995812
0.978381
0.947626
0.903966
0.847996
0.780478
0.702331
0.614620
0.518539
0.415396
0.306597
0.193622
0.078010
-0.038663
-0.154811
-0.268850
-0.379228
-0.484441
-0.583058
-0.673734
-0.755235
-0.826452
-0.886414
-0.934304
-0.969471
-0.991436
-0.999899
-0.994746
-0.976046
-0.944054
-0.899206
-0.842112
-0.773550
-0.694455
-0.605902
-0.509098
-0.405360
-0.296103
-0.182813
-0.067034
0.049658
0.165674
0.279434
0.389388
0.494040
0.591964
0.681826
0.762403
0.832598
0.891454
0.938171
0.972111
0.992813
0.999995
0.993559
0.973592
0.940367
0.894336
0.836126
0.766529
0.686494
0.597110
0.499594
0.395275
0.285573
0.171983
0.056050
-0.060647
-0.176517
-0.289984
-0.399501
-0.503578
-0.600798
-0.689835
-0.769478
-0.838643
-0.896387
-0.941924
-0.974633
-0.994070
-0.999970
-0.992251
-0.971021
-0.936567
-0.889358
-0.830038
-0.759415
-0.678450
-0.588246
-0.490031
-0.385142
-0.275009
-0.161131
-0.045058
0.071628
0.187339
0.300498
0.409566
0.513056
0.609559
0.697761
0.776461
0.844587
0.901211
0.945562
0.977037
0.995207
0.999823
0.990824
0.968332
0.932653
0.884273
0.823851
0.752209
0.670324
0.579310
0.480408
0.374963
0.264412
0.150260
0.034061
-0.082601
-0.198138
-0.310977
-0.419581
-0.522471
-0.618246
-0.705602
-0.783349
-0.850428
-0.905926
-0.949087
-0.979323
-0.996223
-0.999556
-0.989277
-0.965525
-0.928626
-0.879080
-0.817563
-0.744912
-0.662117
-0.570305
-0.470727
-0.364738
-0.253782
-0.139370
-0.023061
0.093563
0.208913
0.321418
0.429545
0.531823
0.626859
0.713358
0.790142
0.856166
0.910531
0.952496
0.981490
0.997118
0.999167
0.987609
0.962602
0.924486
0.873781
0.811176
0.737525
0.653829
0.561230
0.460988
0.354469
0.243122
0.128464
0.012057
-0.104515
-0.219663
-0.331819
-0.439457
-0.541111
-0.635395
-0.721027
-0.796839
-0.861801
-0.915026
-0.955790
-0.983538
-0.997892
-0.998657
-0.985822
-0.959562
-0.920235
-0.868376
-0.804691
-0.730048
-0.645463
-0.552088
-0.451194
-0.344157
-0.232432
-0.117542
-0.001052
0.115453
0.230386
0.342181
0.449316
0.550333
0.643855
0.728609
0.803440
0.867331
0.919410
0.958968
0.985467
0.998546
0.998027
0.983916
0.956406
0.915872
0.862866
0.798109
0.722483
0.637018
0.542878
0.441346
0.333803
0.221714
0.106606
-0.009954
-0.126378
-0.241081
-0.352501
-0.459121
-0.559488
-0.652236
-0.736102
-0.809944
-0.872756
-0.923682
-0.962030
-0.987277
-0.999079
-0.997275
-0.981891
-0.953134
-0.911399
-0.857251
-0.791429
-0.714830
-0.628496
-0.533603
-0.431444
-0.323409
-0.210969
-0.095657
0.020958
0.137287
0.251747
0.362779
0.468870
0.568576
0.660539
0.743507
0.816350
0.878075
0.927843
0.964976
0.988967
0.999491
0.996403
0.979746
0.949747
0.906814
0.851533
0.784654
0.707091
0.619898
0.524263
0.421489
0.312975
0.200199
0.084697
-0.031959
-0.148180
-0.262383
-0.373012
-0.478562
-0.577595
-0.668762
-0.750821
-0.822656
-0.883288
-0.931892
-0.967804
-0.990537
-0.999781
-0.995410
-0.977483
-0.946245
-0.902120
-0.845711
-0.777784
-0.699266
-0.611225
-0.514860
-0.411484
-0.302504
-0.189405
-0.073726
0.042957
0.159055
0.272986
0.383200
0.488196
0.586544
0.676903
0.758045
0.828864
0.888395
0.935827
0.970516
0.991988
0.999951
0.994297
0.975102
0.942628
0.897317
0.839787
0.770820
0.691356
0.602478
0.505394
0.401429
0.291996
0.178587
0.062746
-0.053949
-0.169910
-0.283557
-0.393342
-0.497771
-0.595421
-0.684963
-0.765177
-0.834970
-0.893393
-0.939650
-0.973110
-0.993318
-0.999999
-0.993063
-0.972602
-0.938897
-0.892405
-0.833761
-0.763763
-0.683363
-0.593658
-0.495867
-0.391325
-0.281453
-0.167748
-0.051759
0.064935
0.180745
0.294093
0.403437
0.507286
0.604227
0.692940
0.772216
0.840976
0.898283
0.943358
0.975586
0.994528
0.999927
0.991708
0.969985
0.935052
0.887385
0.827634
0.756613
0.675287
0.584766
0.486281
0.381173
0.270875
0.156889
0.040765
-0.075913
-0.191558
-0.304594
-0.413482
-0.516739
-0.612960
-0.700832
-0.779161
-0.846879
-0.903065
-0.946952
-0.977944
-0.995618
-0.999733
-0.990234
-0.967250
-0.931094
-0.882258
-0.821407
-0.749371
-0.667129
-0.575803
-0.476635
-0.370976
-0.260265
-0.146010
-0.029767
0.086882
0.202348
0.315058
0.423477
0.526130
0.621618
0.708640
0.786012
0.852681
0.907737
0.950432
0.980183
0.996586
0.999418
0.988640
0.964398
0.927023
0.877024
0.815081
0.742038
0.658891
0.566770
0.466931
0.360734
0.249623
0.135114
0.018765
-0.097841
-0.213113
-0.325484
-0.433421
-0.535457
-0.630201
-0.716362
-0.792768
-0.858378
-0.912299
-0.953796
-0.982304
-0.997435
-0.998982
-0.986926
-0.961429
-0.922840
-0.871683
-0.808656
-0.734616
-0.650572
-0.557669
-0.457171
-0.350447
-0.238952
-0.124201
-0.007760
0.108787
0.223853
0.335870
0.443313
0.544719
0.638707
0.723998
0.799428
0.863972
0.916751
0.957045
0.984306
0.998162
0.998425
0.985092
0.958344
0.918545
0.866237
0.802133
0.727105
0.642175
0.548500
0.447356
0.340119
0.228251
0.113274
-0.003245
-0.119720
-0.234565
-0.346215
-0.453151
-0.553915
-0.647137
-0.731545
-0.805991
-0.869462
-0.921091
-0.960178
-0.986188
-0.998769
-0.997748
-0.983139
-0.955143
-0.914139
-0.860686
-0.795512
-0.719505
-0.633700
-0.539265
-0.437486
-0.329749
-0.217522
-0.102333
0.014250
0.130639
0.245249
0.356519
0.462934
0.563045
0.655488
0.739004
0.812457
0.874845
0.925320
0.963194
0.987951
0.999254
0.996949
0.981067
0.951826
0.909622
0.855031
0.788796
0.711819
0.625148
0.529964
0.427563
0.319340
0.206767
0.091379
-0.025253
-0.141542
-0.255903
-0.366779
-0.472661
-0.572105
-0.663759
-0.746374
-0.818824
-0.880123
-0.929437
-0.966094
-0.989595
-0.999619
-0.996030
-0.978877
-0.948393
-0.904995
-0.849272
-0.781983
-0.704046
-0.616521
-0.520599
-0.417589
-0.308891
-0.195987
-0.080414
0.036254
0.152428
0.266527
0.376995
0.482331
0.581097
0.671950
0.753653
0.825092
0.885295
0.933442
0.968877
0.991118
0.999862
0.994990
0.976567
0.944846
0.900258
0.843410
0.775076
0.696188
0.607818
0.511172
0.407564
0.298406
0.185184
0.069440
-0.047249
-0.163295
-0.277118
-0.387166
-0.491942
-0.590018
-0.680060
-0.760840
-0.831260
-0.890359
-0.937333
-0.971543
-0.992522
-0.999984
-0.993829
-0.974140
-0.941185
-0.895412
-0.837446
-0.768076
-0.688245
-0.599043
-0.501682
-0.397489
-0.287884
-0.174358
-0.058457
0.058240
0.174143
0.287675
0.397289
0.501493
0.598868
0.688087
0.767936
0.837327
0.895315
0.941111
0.974091
0.993805
0.999985
0.992548
0.971594
0.937409
0.890458
0.831381
0.760982
0.680220
0.590194
0.492131
0.387367
0.277327
0.163510
0.047467
-0.069223
-0.184970
-0.298198
-0.407365
-0.510984
-0.607645
-0.696031
-0.774939
-0.843293
-0.900163
-0.944775
-0.976520
-0.994968
-0.999866
-0.991147
-0.968931
-0.933520
-0.885396
-0.825215
-0.753796
-0.672112
-0.581274
-0.482521
-0.377197
-0.266737
-0.152643
-0.036471
0.080197
0.195774
0.308684
0.417391
0.520413
0.616349
0.703891
0.781848
0.849157
0.904902
0.948324
0.978832
0.996010
0.999625
0.989626
0.966150
0.929518
0.880227
0.818949
0.746519
0.663922
0.572284
0.472853
0.366982
0.256114
0.141758
0.025471
-0.091162
-0.206554
-0.319133
-0.427366
-0.529779
-0.624978
-0.711666
-0.788662
-0.854918
-0.909531
-0.951759
-0.981025
-0.996932
-0.999262
-0.987985
-0.963253
-0.925403
-0.874951
-0.812584
-0.739151
-0.655652
-0.563225
-0.463127
-0.356723
-0.245460
-0.130855
-0.014468
0.102116
0.217309
0.329544
0.437290
0.539081
0.633531
0.719354
0.795380
0.860575
0.914050
0.955078
0.983100
0.997733
0.998779
0.986224
0.960238
0.921176
0.869569
0.806120
0.731694
0.647303
0.554097
0.453345
0.346420
0.234777
0.119937
0.003463
-0.113057
-0.228039
-0.339914
-0.447161
-0.548318
-0.642008
-0.726955
-0.802002
-0.866128
-0.918459
-0.958282
-0.985055
-0.998413
-0.998175
-0.984344
-0.957108
-0.916838
-0.864082
-0.799559
-0.724148
-0.638875
-0.544902
-0.443508
-0.336075
-0.224065
-0.109004
0.007542
0.123985
0.238740
0.350243
0.456977
0.557488
0.650407
0.734468
0.808527
0.871576
0.922756
0.961369
0.986891
0.998972
0.997450
0.982345
0.953861
0.912388
0.858490
0.792901
0.716514
0.630370
0.535641
0.433618
0.325690
0.213326
0.098057
-0.018547
-0.134898
-0.249412
-0.360530
-0.466738
-0.566591
-0.658727
-0.741892
-0.814955
-0.876919
-0.926941
-0.964340
-0.988607
-0.999411
-0.996604
-0.980226
-0.950499
-0.907828
-0.852794
-0.786147
-0.708794
-0.621788
-0.526315
-0.423675
-0.315265
-0.202561
-0.087099
0.029549
0.145795
0.260055
0.370774
0.476443
0.575624
0.666967
0.749226
0.821283
0.882155
0.931014
0.967195
0.990204
0.999728
0.995638
0.977989
0.947022
0.903158
0.846995
0.779298
0.700988
0.613132
0.516926
0.413680
0.304802
0.191772
0.076131
-0.040548
-0.156673
-0.270666
-0.380972
-0.486090
-0.584589
-0.675126
-0.756470
-0.827512
-0.887285
-0.934975
-0.969932
-0.991680
-0.999924
-0.994551
-0.975634
-0.943430
-0.898379
-0.841094
-0.772354
-0.693097
-0.604401
-0.507474
-0.403636
-0.294302
-0.180959
-0.065153
0.051541
0.167533
0.281244
0.391124
0.495678
0.593482
0.683204
0.763622
0.833641
0.892307
0.938822
0.972551
0.993037
0.999999
0.993343
0.973160
0.939724
0.893491
0.835090
0.765317
0.685122
0.595596
0.497960
0.393543
0.283766
0.170125
0.054167
-0.062529
-0.178373
-0.291788
-0.401229
-0.505206
-0.602304
-0.691199
-0.770681
-0.839669
-0.897221
-0.942555
-0.975053
-0.994273
-0.999953
-0.992015
-0.970568
-0.935904
-0.888495
-0.828985
-0.758187
-0.677064
-0.586720
-0.488386
-0.383402
-0.273196
-0.159270
-0.043175
0.073509
0.189191
0.302296
0.411285
0.514673
0.611052
0.699110
0.777647
0.845595
0.902026
0.946174
0.977437
0.995389
0.999786
0.990567
0.967859
0.931971
0.883391
0.822780
0.750965
0.668924
0.577773
0.478753
0.373214
0.262593
0.148395
0.032177
-0.084480
-0.199986
-0.312768
-0.421292
-0.524078
-0.619727
-0.706937
-0.784519
-0.851418
-0.906723
-0.949679
-0.979703
-0.996384
-0.999498
-0.988999
-0.965033
-0.927925
-0.878180
-0.816476
-0.743653
-0.660703
-0.568755
-0.469062
-0.362982
-0.251958
-0.137503
-0.021175
0.095440
0.210756
0.323202
0.431247
0.533419
0.628327
0.714678
0.791296
0.857139
0.911309
0.953069
0.981849
0.997259
0.999088
0.987312
0.962090
0.923766
0.872862
0.810072
0.736250
0.652402
0.559669
0.459314
0.352705
0.241292
0.126594
0.010171
-0.106390
-0.221502
-0.333597
-0.441150
-0.542695
-0.636850
-0.722332
-0.797977
-0.862756
-0.915785
-0.956343
-0.983877
-0.998013
-0.998558
-0.985504
-0.959030
-0.919495
-0.867439
-0.803570
-0.728758
-0.644021
-0.550515
-0.449511
-0.342386
-0.230598
-0.115670
0.000834
0.117326
0.232220
0.343952
0.451000
0.551906
0.645296
0.729899
0.804562
0.868268
0.920150
0.959501
0.985786
0.998646
0.997907
0.983577
0.955854
0.915114
0.861911
0.796971
0.721178
0.635563
0.541294
0.439653
0.332025
0.219875
0.104731
-0.011839
-0.128248
-0.242910
-0.354265
-0.460795
-0.561050
-0.653665
-0.737377
-0.811049
-0.873675
-0.924403
-0.962543
-0.987575
-0.999158
-0.997134
-0.981532
-0.952562
-0.910621
-0.856279
-0.790275
-0.713510
-0.627028
-0.532008
-0.429742
-0.321624
-0.209126
-0.093780
0.022843
0.139155
0.253571
0.364535
0.470534
0.570126
0.661954
0.744767
0.817437
0.878976
0.928545
0.965469
0.989245
0.999549
0.996241
0.979367
0.949155
0.906018
0.850542
0.783484
0.705756
0.618417
0.522657
0.419779
0.311184
0.198351
0.082818
-0.033844
-0.150044
-0.264202
-0.374761
-0.480217
-0.579133
-0.670162
-0.752066
-0.823727
-0.884171
-0.932574
-0.968277
-0.990795
-0.999819
-0.995228
-0.977084
-0.945633
-0.901305
-0.844703
-0.776598
-0.697917
-0.609731
-0.513243
-0.409765
-0.300706
-0.187553
-0.071845
0.044841
0.160916
0.274800
0.384941
0.489841
0.588070
0.678290
0.759273
0.829917
0.889259
0.936490
0.970969
0.992224
0.999968
0.994094
0.974682
0.941997
0.896483
0.838762
0.769618
0.689993
0.600972
0.503766
0.399701
0.290192
0.176732
0.060864
-0.055832
-0.171768
-0.285365
-0.395075
-0.499406
-0.596935
-0.686336
-0.766389
-0.836006
-0.894239
-0.940293
-0.973542
-0.993534
-0.999996
-0.992839
-0.972162
-0.938246
-0.891553
-0.832719
-0.762544
-0.681985
-0.592139
-0.494229
-0.389589
-0.279643
-0.165889
-0.049876
0.066817
0.182599
0.295895
0.405161
0.508910
0.605728
0.694298
0.773412
0.841995
0.899110
0.943982
0.975998
0.994723
0.999902
0.991464
0.969525
0.934382
0.886514
0.826575
0.755378
0.673895
0.583235
0.484632
0.379429
0.269060
0.155026
0.038881
-0.077793
-0.193408
-0.306389
-0.415198
-0.518353
-0.614448
-0.702176
-0.780342
-0.847881
-0.903873
-0.947556
-0.978336
-0.995792
-0.999688
-0.989969
-0.966770
-0.930404
-0.881369
-0.820330
-0.748121
-0.665723
-0.574260
-0.474976
-0.369224
-0.258444
-0.144144
-0.027882
0.088760
0.204194
0.316847
0.425185
0.527733
0.623094
0.709969
0.787177
0.853664
0.908526
0.951016
0.980555
0.996740
0.999352
0.988355
0.963898
0.926314
0.876116
0.813987
0.740773
0.657471
0.565216
0.465263
0.358974
0.247797
0.133245
0.016879
-0.099717
-0.214955
-0.327266
-0.435120
-0.537049
-0.631664
-0.717677
-0.793916
-0.859344
-0.913070
-0.954361
-0.982655
-0.997568
-0.998896
-0.986620
-0.960909
-0.922112
-0.870757
-0.807545
-0.733335
-0.649139
-0.556103
-0.455493
-0.348681
-0.237120
-0.122330
-0.005875
0.110661
0.225690
0.337645
0.445002
0.546300
0.640157
0.725297
0.800560
0.864920
0.917502
0.957590
0.984637
0.998275
0.998318
0.984766
0.957804
0.917798
0.865293
0.801005
0.725809
0.640728
0.546922
0.445668
0.338345
0.226414
0.111400
-0.005131
-0.121592
-0.236398
-0.347984
-0.454831
-0.555484
-0.648573
-0.732829
-0.807106
-0.870391
-0.921824
-0.960703
-0.986499
-0.998860
-0.997619
-0.982793
-0.954583
-0.913373
-0.859724
-0.794368
-0.718194
-0.632240
-0.537676
-0.435790
-0.327969
-0.215681
-0.100457
0.016136
0.132508
0.247077
0.358280
0.464604
0.564602
0.656910
0.740273
0.813555
0.875757
0.926034
0.963699
0.988241
0.999325
0.996800
0.980701
0.951246
0.908837
0.854051
0.787635
0.710493
0.623675
0.528364
0.425858
0.317552
0.204922
0.089501
-0.027138
-0.143408
-0.257726
-0.368533
-0.474322
-0.573651
-0.665168
-0.747627
-0.819905
-0.881017
-0.930131
-0.966579
-0.989864
-0.999669
-0.995860
-0.978489
-0.947794
-0.904191
-0.848275
-0.780807
-0.702706
-0.615035
-0.518989
-0.415875
-0.307097
-0.194138
-0.078535
0.038138
0.154291
0.268343
0.378741
0.483981
0.582631
0.673345
0.754891
0.826156
0.886170
0.934117
0.969342
0.991367
0.999891
0.994799
0.976160
0.944227
0.899436
0.842396
0.773884
0.694833
0.606320
0.509550
0.405841
0.296605
0.183330
0.067559
-0.049133
-0.165155
-0.278929
-0.388904
-0.493583
-0.591540
-0.681441
-0.762063
-0.832307
-0.891216
-0.937988
-0.971988
-0.992750
-0.999993
-0.993618
-0.973712
-0.940546
-0.894571
-0.836414
-0.766867
-0.686876
-0.597532
-0.500050
-0.395758
-0.286077
-0.172501
-0.056575
0.060122
0.175999
0.289480
0.399019
0.503124
0.600377
0.689454
0.769143
0.838356
0.896154
0.941747
0.974515
0.994013
0.999974
0.992317
0.971146
0.936751
0.889599
0.830332
0.759757
0.678836
0.588671
0.490489
0.385628
0.275515
0.161650
0.045584
-0.071103
-0.186822
-0.299997
-0.409086
-0.512604
-0.609142
-0.697384
-0.776129
-0.844305
-0.900983
-0.945391
-0.976925
-0.995155
-0.999833
-0.990895
-0.968463
-0.932842
-0.884518
-0.824148
-0.752556
-0.670714
-0.579739
-0.480869
-0.375450
-0.264919
-0.150780
-0.034587
0.082077
0.197622
0.310477
0.419103
0.522023
0.617833
0.705229
0.783022
0.850151
0.905703
0.948921
0.979216
0.996177
0.999571
0.989353
0.965662
0.928821
0.879331
0.817865
0.745263
0.662511
0.570737
0.471191
0.365227
0.254291
0.139891
0.023586
-0.093040
-0.208399
-0.320920
-0.429070
-0.531378
-0.626449
-0.712989
-0.789820
-0.855894
-0.910313
-0.952336
-0.981389
-0.997078
-0.999188
-0.987692
-0.962745
-0.924687
-0.874036
-0.811483
-0.737880
-0.654227
-0.561666
-0.461455
-0.354960
-0.243632
-0.128986
-0.012583
0.103992
0.219150
0.331323
0.438985
0.540668
0.634989
0.720662
0.796522
0.861534
0.914813
0.955635
0.983443
0.997858
0.998684
0.985910
0.959710
0.920441
0.868637
0.805003
0.730407
0.645864
0.552526
0.451664
0.344650
0.232944
0.118064
0.001578
-0.114931
-0.229874
-0.341687
-0.448846
-0.549894
-0.643452
-0.728248
-0.803127
-0.867069
-0.919203
-0.958819
-0.985378
-0.998518
-0.998060
-0.984010
-0.956560
-0.916083
-0.863131
-0.798425
-0.722846
-0.637423
-0.543320
-0.441818
-0.334299
-0.222227
-0.107129
0.009428
0.125856
0.240571
0.352009
0.458654
0.559052
0.651838
0.735746
0.809636
0.872499
0.923481
0.961887
0.987193
0.999056
0.997314
0.981990
0.953293
0.911615
0.857522
0.791751
0.715198
0.628905
0.534048
0.431918
0.323906
0.211483
0.096181
-0.020432
-0.136766
-0.251238
-0.362288
-0.468405
-0.568143
-0.660144
-0.743155
-0.816046
-0.877824
-0.927647
-0.964838
-0.988889
-0.999474
-0.996447
-0.979851
-0.949912
-0.907036
-0.851808
-0.784980
-0.707463
-0.620311
-0.524711
-0.421966
-0.313475
-0.200714
-0.085221
0.031434
0.147660
0.261875
0.372524
0.478100
0.577165
0.668371
0.750474
0.822357
0.883042
0.931701
0.967672
0.990465
0.999770
0.995460
0.977594
0.946415
0.902347
0.845991
0.778115
0.699642
0.611641
0.515311
0.411963
0.303005
0.189921
0.074250
-0.042431
-0.158535
-0.272480
-0.382715
-0.487737
-0.586118
-0.676516
-0.757702
-0.828569
-0.888153
-0.935642
-0.970389
-0.991921
-0.999946
-0.994352
-0.975218
-0.942803
-0.897549
-0.840072
-0.771155
-0.691736
-0.602897
-0.505848
-0.401910
-0.292499
-0.179104
-0.063271
0.053424
0.169392
0.283053
0.392859
0.497315
0.594999
0.684580
0.764838
0.834681
0.893157
0.939469
0.972989
0.993257
1.000000
0.993124
0.972724
0.939078
0.892643
0.834051
0.764102
0.683747
0.594081
0.496324
0.391809
0.281957
0.168266
0.052284
-0.064410
-0.180228
-0.293591
-0.402955
-0.506833
-0.603808
-0.692560
-0.771882
-0.840691
-0.898052
-0.943183
-0.975470
-0.994473
-0.999933
-0.991776
-0.970113
-0.935238
-0.887628
-0.827929
-0.756956
-0.675675
-0.585192
-0.486740
-0.381659
-0.271382
-0.157408
-0.041291
0.075389
0.191042
0.304093
0.413003
0.516289
0.612544
0.700457
0.778832
0.846600
0.902839
0.946783
0.977834
0.995568
0.999745
0.990307
0.967383
0.931285
0.882505
0.821707
0.749719
0.667521
0.576232
0.477097
0.371464
0.260773
0.146530
0.030292
-0.086358
-0.201833
-0.314559
-0.423001
-0.525683
-0.621206
-0.708269
-0.785687
-0.852406
-0.907516
-0.950268
-0.980079
-0.996543
-0.999436
-0.988719
-0.964537
-0.927220
-0.877276
-0.815385
-0.742391
-0.659286
-0.567203
-0.467396
-0.361224
-0.250133
-0.135635
-0.019290
0.097317
0.212599
0.324986
0.432948
0.535013
0.629792
0.715995
0.792448
0.858109
0.912084
0.953638
0.982205
0.997397
0.999006
0.987010
0.961574
0.923042
0.871941
0.808965
0.734973
0.650971
0.558105
0.457639
0.350940
0.239462
0.124723
0.008286
-0.108264
-0.223340
-0.335374
-0.442842
-0.544278
-0.638303
-0.723635
-0.799112
-0.863707
-0.916541
-0.956892
-0.984213
-0.998130
-0.998455
-0.985183
-0.958494
-0.918753
-0.866500
-0.802446
-0.727465
-0.642578
-0.548940
-0.447826
-0.340613
-0.228763
-0.113796
0.002719
0.119198
0.234054
0.345722
0.452682
0.553478
0.646736
0.731187
0.805680
0.869202
0.920886
0.960031
0.986101
0.998742
0.997783
0.983235
0.955298
0.914352
0.860954
0.795831
0.719870
0.634107
0.539707
0.437959
0.330246
0.218035
0.102856
-0.013724
-0.130118
-0.244739
-0.356028
-0.462468
-0.562610
-0.655090
-0.738650
-0.812150
-0.874591
-0.925121
-0.963053
-0.987870
-0.999234
-0.996990
-0.981169
-0.951987
-0.909840
-0.855303
-0.789119
-0.712188
-0.625558
-0.530410
-0.428038
-0.319838
-0.207282
-0.091903
0.024728
0.141022
0.255395
0.366290
0.472197
0.571674
0.663366
0.746024
0.818522
0.879874
0.929243
0.965958
0.989519
0.999604
0.996076
0.978984
0.948560
0.905218
0.849549
0.782311
0.704419
0.616934
0.521048
0.418066
0.309391
0.196503
0.080938
-0.035728
-0.151908
-0.266020
-0.376508
-0.481870
-0.580669
-0.671561
-0.753307
-0.824795
-0.885050
-0.933253
-0.968747
-0.991048
-0.999853
-0.995042
-0.976680
-0.945018
-0.900487
-0.843692
-0.775409
-0.696565
-0.608236
-0.511624
-0.408044
-0.298907
-0.185700
-0.069964
0.046724
0.162777
0.276612
0.386681
0.491484
0.589594
0.679674
0.760499
0.830967
0.890119
0.937150
0.971418
0.992457
0.999981
0.993887
0.974258
0.941362
0.895646
0.837733
0.768412
0.688627
0.599464
0.502137
0.397972
0.288387
0.174875
0.058982
-0.057715
-0.173625
-0.287171
-0.396807
-0.501038
-0.598447
-0.687706
-0.767599
-0.837040
-0.895081
-0.940933
-0.973971
-0.993746
-0.999988
-0.992612
-0.971719
-0.937592
-0.890697
-0.831673
-0.761323
-0.680605
-0.590619
-0.492589
-0.387851
-0.277832
-0.164029
-0.047992
0.068698
0.184453
0.297696
0.406884
0.510532
0.607228
0.695654
0.774606
0.843010
0.899934
0.944602
0.976407
0.994915
0.999874
0.991217
0.969061
0.933708
0.885640
0.825512
0.754141
0.672501
0.581702
0.482982
0.377684
0.267243
0.153163
0.036997
-0.079673
-0.195258
-0.308184
-0.416913
-0.519964
-0.615935
-0.703517
-0.781520
-0.848879
-0.904678
-0.948157
-0.978724
-0.995963
-0.999639
-0.989701
-0.966286
-0.929712
-0.880476
-0.819251
-0.746868
-0.664315
-0.572715
-0.473316
-0.367471
-0.256622
-0.142278
-0.025997
0.090638
0.206039
0.318635
0.426891
0.529333
0.624567
0.711296
0.788338
0.854645
0.909313
0.951597
0.980923
0.996891
0.999282
0.988066
0.963394
0.925602
0.875206
0.812890
0.739505
0.656049
0.563659
0.463593
0.357214
0.245970
0.131376
0.014994
-0.101593
-0.216796
-0.329047
-0.436817
-0.538638
-0.633124
-0.718988
-0.795061
-0.860307
-0.913837
-0.954922
-0.983003
-0.997697
-0.998805
-0.986311
-0.960385
-0.921381
-0.869829
-0.806431
-0.732052
-0.647704
-0.554535
-0.453814
-0.346913
-0.235288
-0.120459
-0.003989
0.112535
0.227526
0.339419
0.446690
0.547878
0.641605
0.726594
0.801688
0.865865
0.918251
0.958131
0.984964
0.998383
0.998207
0.984437
0.957260
0.917048
0.864347
0.799875
0.724510
0.639279
0.545343
0.443980
0.336570
0.224577
0.109526
-0.007016
-0.123463
-0.238229
-0.349751
-0.456509
-0.557051
-0.650007
-0.734111
-0.808218
-0.871318
-0.922553
-0.961224
-0.986806
-0.998949
-0.997488
-0.982443
-0.954019
-0.912603
-0.858760
-0.793221
-0.716881
-0.630778
-0.536085
-0.434092
-0.326187
-0.213840
-0.098581
0.018021
0.134377
0.248903
0.360040
0.466273
0.566157
0.658331
0.741540
0.814650
0.876666
0.926744
0.964201
0.988528
0.999393
0.996648
0.980330
0.950663
0.908049
0.853069
0.786472
0.709165
0.622200
0.526762
0.424151
0.315764
0.203076
0.087623
-0.029023
-0.145274
-0.259547
-0.370285
-0.475981
-0.575194
-0.666575
-0.748878
-0.820983
-0.881908
-0.930822
-0.967061
-0.990130
-0.999716
-0.995687
-0.978099
-0.947191
-0.903384
-0.847275
-0.779627
-0.701363
-0.613547
-0.517376
-0.414159
-0.305302
-0.192288
-0.076655
0.040022
0.156154
0.270159
0.380486
0.485631
0.584162
0.674738
0.756126
0.827217
0.887042
0.934788
0.969804
0.991613
0.999917
0.994605
0.975749
0.943604
0.898610
0.841378
0.772688
0.693476
0.604819
0.507927
0.404117
0.294804
0.181476
0.065677
-0.051016
-0.167015
-0.280739
-0.390640
-0.495222
-0.593059
-0.682820
-0.763282
-0.833350
-0.892070
-0.938640
-0.972429
-0.992975
-0.999998
-0.993404
-0.973281
-0.939904
-0.893727
-0.835379
-0.765655
-0.685505
-0.596019
-0.498416
