0.000000
0.450256
0.804066
0.985645
0.956099
0.721755
0.332811
-0.127421
-0.560360
-0.873269
-0.999123
-0.910965
-0.627678
-0.209941
0.252765
0.661328
0.928235
0.996313
0.850981
0.523367
0.083649
-0.373988
-0.751516
-0.968069
-0.977261
-0.777123
-0.410525
0.044008
0.489114
0.829451
0.992120
0.942276
0.690596
0.290990
-0.170946
-0.596266
-0.893865
-0.999998
-0.891930
-0.592811
-0.166711
0.295098
0.693698
0.943706
0.991573
0.827044
0.485361
0.039714
-0.414439
-0.779820
-0.978163
-0.966982
-0.748674
-0.369999
0.087930
0.527024
0.853230
0.996673
0.926628
0.658099
0.248605
-0.214141
-0.631017
-0.912729
-0.998934
-0.871167
-0.556795
-0.123158
0.336860
0.724723
0.957349
0.984911
0.801504
0.446415
-0.004297
-0.454088
-0.806613
-0.986362
-0.954831
-0.718774
-0.328756
0.131682
0.563913
0.875354
0.999294
0.909184
0.624327
0.205738
-0.256920
-0.664545
-0.929825
-0.995935
-0.848716
-0.519701
-0.079366
0.377969
0.754344
0.969137
0.976341
0.774411
0.406603
-0.048300
-0.492857
-0.831844
-0.992649
-0.940829
-0.687482
-0.286876
0.175179
0.599710
0.895783
0.999979
0.889979
0.589345
0.162473
-0.299201
-0.696786
-0.945119
-0.991007
-0.824620
-0.481600
-0.035420
0.418346
0.782503
0.979047
0.965878
0.745818
0.366004
-0.092209
-0.530671
-0.855463
-0.997014
-0.925004
-0.654858
-0.244441
0.218336
0.634345
0.914476
0.998727
0.869049
0.553221
0.118892
-0.340903
-0.727677
-0.958582
-0.984158
-0.798927
-0.442565
0.008594
0.457912
0.809146
0.987060
0.953545
0.715780
0.324695
-0.135940
-0.567457
-0.877424
-0.999446
-0.907387
-0.620964
-0.201531
0.261070
0.667750
0.931398
0.995539
0.846436
0.516025
0.075082
-0.381944
-0.757157
-0.970187
-0.975402
-0.771686
-0.402674
0.052592
0.496591
0.834221
0.993160
0.939364
0.684355
0.282757
-0.179407
-0.603143
-0.897685
-0.999942
-0.888011
-0.585868
-0.158231
0.303299
0.699862
0.946514
0.990423
0.822182
0.477830
0.031126
-0.422245
-0.785171
-0.979913
-0.964757
-0.742949
-0.362001
0.096487
0.534308
0.857680
0.997336
0.923363
0.651604
0.240272
-0.222527
-0.637661
-0.916207
-0.998501
-0.866915
-0.549636
-0.114625
0.344939
0.730617
0.959797
0.983387
0.796335
0.438708
-0.012891
-0.461728
-0.811663
-0.987740
-0.952242
-0.712773
-0.320628
0.140196
0.570990
0.879477
0.999580
0.905572
0.617591
0.197320
-0.265216
-0.670943
-0.932953
-0.995125
-0.844140
-0.512340
-0.070796
0.385912
0.759957
0.971220
0.974446
0.768946
0.398737
-0.056882
-0.500317
-0.836583
-0.993653
-0.937882
-0.681216
-0.278633
0.183633
0.606565
0.899570
0.999887
0.886027
0.582380
0.153987
-0.307390
-0.702925
-0.947892
-0.989820
-0.819729
-0.474050
-0.026831
0.426137
0.787825
0.980761
0.963617
0.740066
0.357992
-0.100763
-0.537935
-0.859882
-0.997641
-0.921704
-0.648339
-0.236098
0.226714
0.640965
0.917920
0.998256
0.864766
0.546042
0.110355
-0.348970
-0.733545
-0.960994
-0.982598
-0.793729
-0.434843
0.017187
0.465536
0.814166
0.988401
0.950921
0.709752
0.316555
-0.144449
-0.574512
-0.881514
-0.999695
-0.903741
-0.614205
-0.193106
0.269356
0.674123
0.934491
0.994692
0.841828
0.508645
0.066509
-0.389872
-0.762743
-0.972234
-0.973472
-0.766191
-0.394792
0.061172
0.504032
0.838929
0.994127
0.936382
0.678064
0.274504
-0.187855
-0.609976
-0.901439
-0.999813
-0.884027
-0.578882
-0.149740
0.311477
0.705974
0.949252
0.989200
0.817260
0.470263
0.022535
-0.430020
-0.790464
-0.981591
-0.962460
-0.737169
-0.353977
0.105037
0.541553
0.862067
0.997926
0.920029
0.645061
0.231921
-0.230897
-0.644257
-0.919616
-0.997994
-0.862600
-0.542437
-0.106083
0.352993
0.736458
0.962174
0.981791
0.791108
0.430969
-0.021483
-0.469334
-0.816653
-0.989045
-0.949582
-0.706719
-0.312476
0.148700
0.578024
0.883535
0.999792
0.901893
0.610809
0.188888
-0.273492
-0.677290
-0.936013
-0.994240
-0.839501
-0.504941
-0.062221
0.393826
0.765515
0.973231
0.972480
0.763423
0.390841
-0.065460
-0.507739
-0.841260
-0.994583
-0.934865
-0.674899
-0.270369
0.192074
0.613375
0.903291
0.999721
0.882010
0.575373
0.145490
-0.315557
-0.709011
-0.950595
-0.988561
-0.814776
-0.466466
-0.018239
0.433895
0.793089
0.982402
0.961284
0.734259
0.349955
-0.109310
-0.545160
-0.864237
-0.998194
-0.918337
-0.641772
-0.227739
0.235076
0.647538
0.921296
0.997712
0.860418
0.538822
0.101810
-0.357010
-0.739358
-0.963335
-0.980965
-0.788472
-0.427088
0.025779
0.473124
0.819126
0.989670
0.948226
0.703672
0.308391
-0.152948
-0.581525
-0.885539
-0.999871
-0.900029
-0.607401
-0.184667
0.277623
0.680445
0.937516
0.993771
0.837159
0.501227
0.057932
-0.397772
-0.768273
-0.974209
-0.971470
-0.760641
-0.386882
0.069747
0.511436
0.843575
0.995020
0.933331
0.671722
0.266230
-0.196289
-0.616763
-0.905126
-0.999610
-0.879977
-0.571853
-0.141237
0.319631
0.712035
0.951920
0.987903
0.812277
0.462661
0.013942
-0.437763
-0.795699
-0.983196
-0.960091
-0.731335
-0.345926
0.113580
0.548757
0.866391
0.998443
0.916628
0.638470
0.223552
-0.239251
-0.650806
-0.922958
-0.997413
-0.858220
-0.535197
-0.097534
0.361021
0.742245
0.964479
0.980122
0.785822
0.423198
-0.030075
-0.476905
-0.821583
-0.990277
-0.946853
-0.700613
-0.304301
0.157193
0.585015
0.887527
0.999930
0.898148
0.603982
0.180442
-0.281748
-0.683588
-0.939003
-0.993283
-0.834801
-0.497504
-0.053642
0.401711
0.771016
0.975170
0.970442
0.757844
0.382916
-0.074033
-0.515124
-0.845875
-0.995439
-0.931780
-0.668533
-0.262085
0.200501
0.620140
0.906944
0.999481
0.877928
0.568322
0.136982
-0.323700
-0.715045
-0.953228
-0.987228
-0.809763
-0.458847
-0.009646
0.441622
0.798294
0.983971
0.958881
0.728398
0.341892
-0.117848
-0.552345
-0.868529
-0.998673
-0.914901
-0.635157
-0.219362
0.243421
0.654062
0.924604
0.997094
0.856007
0.531562
0.093257
-0.365025
-0.745117
-0.965606
-0.979260
-0.783157
-0.419301
0.034369
0.480678
0.824025
0.990866
0.945462
0.697540
0.300205
-0.161435
-0.588495
-0.889499
-0.999972
-0.896250
-0.600551
-0.176214
0.285869
0.686718
0.940472
0.992776
0.832427
0.493772
0.049350
-0.405642
-0.773746
-0.976113
-0.969396
-0.755034
-0.378943
0.078318
0.518802
0.848159
0.995840
0.930211
0.665331
0.257936
-0.204709
-0.623505
-0.908746
-0.999333
-0.875862
-0.564782
-0.132724
0.327763
0.718043
0.954518
0.986534
0.807235
0.455025
0.005349
-0.445473
-0.800875
-0.984728
-0.957652
-0.725447
-0.337850
0.122114
0.555922
0.870650
0.998885
0.913158
0.631833
0.215168
-0.247586
-0.657307
-0.926232
-0.996758
-0.853778
-0.527918
-0.088977
0.369022
0.747976
0.966714
0.978381
0.780478
0.415396
-0.038663
-0.484441
-0.826452
-0.991436
-0.944054
-0.694455
-0.296103
0.165674
0.591964
0.891454
0.999995
0.894336
0.597110
0.171983
-0.289984
-0.689835
-0.941924
-0.992251
-0.830038
-0.490031
-0.045058
0.409566
0.776461
0.977037
0.968332
0.752209
0.374963
-0.082601
-0.522471
-0.850428
-0.996223
-0.928626
-0.662117
-0.253782
0.208913
0.626859
0.910531
0.999167
0.873781
0.561230
0.128464
-0.331819
-0.721027
-0.955790
-0.985822
-0.804691
-0.451194
-0.001052
0.449316
0.803440
0.985467
0.956406
0.722483
0.333803
-0.126378
-0.559488
-0.872756
-0.999079
-0.911399
-0.628496
-0.210969
0.251747
0.660539
0.927843
0.996403
0.851533
0.524263
0.084697
-0.373012
-0.750821
-0.967804
-0.977483
-0.777784
-0.411484
0.042957
0.488196
0.828864
0.991988
0.942628
0.691356
0.291996
-0.169910
-0.595421
-0.893393
-0.999999
-0.892405
-0.593658
-0.167748
0.294093
0.692940
0.943358
0.991708
0.827634
0.486281
0.040765
-0.413482
-0.779161
-0.977944
-0.967250
-0.749371
-0.370976
0.086882
0.526130
0.852681
0.996586
0.927023
0.658891
0.249623
-0.213113
-0.630201
-0.912299
-0.998982
-0.871683
-0.557669
-0.124201
0.335870
0.723998
0.957045
0.985092
0.802133
0.447356
-0.003245
-0.453151
-0.805991
-0.986188
-0.955143
-0.719505
-0.329749
0.130639
0.563045
0.874845
0.999254
0.909622
0.625148
0.206767
-0.255903
-0.663759
-0.929437
-0.996030
-0.849272
-0.520599
-0.080414
0.376995
0.753653
0.968877
0.976567
0.775076
0.407564
-0.047249
-0.491942
-0.831260
-0.992522
-0.941185
-0.688245
-0.287884
0.174143
0.598868
0.895315
0.999985
0.890458
0.590194
0.163510
-0.298198
-0.696031
-0.944775
-0.991147
-0.825215
-0.482521
-0.036471
0.417391
0.781848
0.978832
0.966150
0.746519
0.366982
-0.091162
-0.529779
-0.854918
-0.996932
-0.925403
-0.655652
-0.245460
0.217309
0.633531
0.914050
0.998779
0.869569
0.554097
0.119937
-0.339914
-0.726955
-0.958282
-0.984344
-0.799559
-0.443508
0.007542
0.456977
0.808527
0.986891
0.953861
0.716514
0.325690
-0.134898
-0.566591
-0.876919
-0.999411
-0.907828
-0.621788
-0.202561
0.260055
0.666967
0.931014
0.995638
0.846995
0.516926
0.076131
-0.380972
-0.756470
-0.969932
-0.975634
-0.772354
-0.403636
0.051541
0.495678
0.833641
0.993037
0.939724
0.685122
0.283766
-0.178373
-0.602304
-0.897221
-0.999953
-0.888495
-0.586720
-0.159270
0.302296
0.699110
0.946174
0.990567
0.822780
0.478753
0.032177
-0.421292
-0.784519
-0.979703
-0.965033
-0.743653
-0.362982
0.095440
0.533419
0.857139
0.997259
0.923766
0.652402
0.241292
-0.221502
-0.636850
-0.915785
-0.998558
-0.867439
-0.550515
-0.115670
0.343952
0.729899
0.959501
0.983577
0.796971
0.439653
-0.011839
-0.460795
-0.811049
-0.987575
-0.952562
-0.713510
-0.321624
0.139155
0.570126
0.878976
0.999549
0.906018
0.618417
0.198351
-0.264202
-0.670162
-0.932574
-0.995228
-0.844703
-0.513243
-0.071845
0.384941
0.759273
0.970969
0.974682
0.769618
0.399701
-0.055832
-0.499406
-0.836006
-0.993534
-0.938246
-0.681985
-0.279643
0.182599
0.605728
0.899110
0.999902
0.886514
0.583235
0.155026
-0.306389
-0.702176
-0.947556
-0.989969
-0.820330
-0.474976
-0.027882
0.425185
0.787177
0.980555
0.963898
0.740773
0.358974
-0.099717
-0.537049
-0.859344
-0.997568
-0.922112
-0.649139
-0.237120
0.225690
0.640157
0.917502
0.998318
0.865293
0.546922
0.111400
-0.347984
-0.732829
-0.960703
-0.982793
-0.794368
-0.435790
0.016136
0.464604
0.813555
0.988241
0.951246
0.710493
0.317552
-0.143408
-0.573651
-0.881017
-0.999669
-0.904191
-0.615035
-0.194138
0.268343
0.673345
0.934117
0.994799
0.842396
0.509550
0.067559
-0.388904
-0.762063
-0.971988
-0.973712
-0.766867
-0.395758
0.060122
0.503124
0.838356
0.994013
0.936751
0.678836
0.275515
-0.186822
-0.609142
-0.900983
-0.999833
-0.884518
-0.579739
-0.150780
0.310477
0.705229
0.948921
0.989353
0.817865
0.471191
0.023586
-0.429070
-0.789820
-0.981389
-0.962745
-0.737880
-0.354960
0.103992
0.540668
0.861534
0.997858
0.920441
0.645864
0.232944
-0.229874
-0.643452
-0.919203
-0.998060
-0.863131
-0.543320
-0.107129
0.352009
0.735746
0.961887
0.981990
0.791751
0.431918
-0.020432
-0.468405
-0.816046
-0.988889
-0.949912
-0.707463
-0.313475
0.147660
0.577165
0.883042
0.999770
0.902347
0.611641
0.189921
-0.272480
-0.676516
-0.935642
-0.994352
-0.840072
-0.505848
-0.063271
0.392859
0.764838
0.972989
0.972724
0.764102
0.391809
-0.064410
-0.506833
-0.840691
-0.994473
-0.935238
-0.675675
-0.271382
0.191042
0.612544
0.902839
0.999745
0.882505
0.576232
0.146530
-0.314559
-0.708269
-0.950268
-0.988719
-0.815385
-0.467396
-0.019290
0.432948
0.792448
0.982205
0.961574
0.734973
0.350940
-0.108264
-0.544278
-0.863707
-0.998130
-0.918753
-0.642578
-0.228763
0.234054
0.646736
0.920886
0.997783
0.860954
0.539707
0.102856
-0.356028
-0.738650
-0.963053
-0.981169
-0.789119
-0.428038
0.024728
0.472197
0.818522
0.989519
0.948560
0.704419
0.309391
-0.151908
-0.580669
-0.885050
-0.999853
-0.900487
-0.608236
-0.185700
0.276612
0.679674
0.937150
0.993887
0.837733
0.502137
0.058982
-0.396807
-0.767599
-0.973971
-0.971719
-0.761323
-0.387851
0.068698
0.510532
0.843010
0.994915
0.933708
0.672501
0.267243
-0.195258
-0.615935
-0.904678
-0.999639
-0.880476
-0.572715
-0.142278
0.318635
0.711296
0.951597
0.988066
0.812890
0.463593
0.014994
-0.436817
-0.795061
-0.983003
-0.960385
-0.732052
-0.346913
0.112535
0.547878
0.865865
0.998383
0.917048
0.639279
0.224577
-0.238229
-0.650007
-0.922553
-0.997488
-0.858760
-0.536085
-0.098581
0.360040
0.741540
0.964201
0.980330
0.786472
0.424151
-0.029023
-0.475981
-0.820983
-0.990130
-0.947191
-0.701363
-0.305302
0.156154
0.584162
0.887042
0.999917
0.898610
0.604819
0.181476
-0.280739
-0.682820
-0.938640
-0.993404
-0.835379
-0.498416
-0.054692
0.400747
0.770346
0.974937
0.970695
0.758530
0.383887
-0.072984
-0.514222
-0.845314
-0.995339
-0.932161
-0.669314
-0.263100
0.199470
0.619314
0.906501
0.999514
0.878431
0.569188
0.138024
-0.322705
-0.714310
-0.952909
-0.987395
-0.810380
-0.459781
-0.010697
0.440678
0.797660
0.983783
0.959179
0.729118
0.342880
-0.116804
-0.551468
-0.868007
-0.998618
-0.915326
-0.635969
-0.220388
0.242400
0.653267
0.924203
0.997174
0.856550
0.532453
0.094304
-0.364045
-0.744416
-0.965332
-0.979473
-0.783811
-0.420256
0.033318
0.479755
0.823429
0.990723
0.945804
0.698293
0.301208
-0.160397
-0.587644
-0.889018
-0.999963
-0.896716
-0.601392
-0.177249
0.284861
0.685953
0.940114
0.992902
0.833010
0.494686
0.050401
-0.404680
-0.773079
-0.975884
-0.969653
-0.755723
-0.379916
0.077269
0.517903
0.847602
0.995744
0.930597
0.666116
0.258952
-0.203679
-0.622682
-0.908306
-0.999371
-0.876370
-0.565649
-0.133767
0.326769
0.717310
0.954204
0.986706
0.807855
0.455961
0.006400
-0.444531
-0.800244
-0.984545
-0.957955
-0.726170
-0.338840
0.121070
0.555047
0.870132
0.998835
0.913587
0.632647
0.216195
-0.246567
-0.656514
-0.925835
-0.996842
-0.854325
-0.528811
-0.090025
0.368044
0.747278
0.966444
0.978598
0.781135
0.416353
-0.037612
-0.483521
-0.825859
-0.991298
-0.944400
-0.695211
-0.297107
0.164637
0.591116
0.890977
0.999991
0.894806
0.597953
0.173018
-0.288977
-0.689073
-0.941570
-0.992382
-0.830625
-0.490947
-0.046109
0.408606
0.775797
0.976813
0.968594
0.752902
0.375938
-0.081552
-0.521574
-0.849874
-0.996131
-0.929015
-0.662905
-0.254799
0.207884
0.626039
0.910096
0.999209
0.874292
0.562101
0.129507
-0.330827
-0.720298
-0.955480
-0.985998
-0.805315
-0.452133
-0.002103
0.448376
0.802814
0.985288
0.956713
0.723209
0.334794
-0.125334
-0.558616
-0.872242
-0.999033
-0.911831
-0.629314
-0.211997
0.250729
0.659749
0.927451
0.996492
0.852083
0.525159
0.085745
-0.372036
-0.750126
-0.967539
-0.977705
-0.778445
-0.412442
0.041906
0.487278
0.828275
0.991854
0.942978
0.692116
0.293002
-0.168874
-0.594576
-0.892920
-1.000000
-0.892879
-0.594504
-0.168785
0.293088
0.692181
0.943008
0.991843
0.828224
0.487199
0.041816
-0.412524
-0.778502
-0.977723
-0.967516
-0.750067
-0.371952
0.085834
0.525235
0.852131
0.996499
0.927417
0.659681
0.250642
-0.212085
-0.629384
-0.911868
-0.999029
-0.872198
-0.558541
-0.125245
0.334879
0.723272
0.956739
0.985273
0.802760
0.448296
-0.002194
-0.452213
-0.805368
-0.986013
-0.955454
-0.720235
-0.330742
0.129596
0.562175
0.874336
0.999213
0.910058
0.625969
0.207796
-0.254886
-0.662972
-0.929049
-0.996123
-0.849827
-0.521497
-0.081463
0.376021
0.752961
0.968616
0.976793
0.775741
0.408524
-0.046199
-0.491026
-0.830675
-0.992393
-0.941539
-0.689008
-0.288891
0.173107
0.598025
0.894846
0.999991
0.890936
0.591043
0.164548
-0.297194
-0.695276
-0.944430
-0.991286
-0.825809
-0.483442
-0.037522
0.416435
0.781191
0.978616
0.966421
0.747218
0.367960
-0.090115
-0.528887
-0.854372
-0.996849
-0.925801
-0.656446
-0.246480
0.216283
0.632717
0.913623
0.998831
0.870088
0.554972
0.120981
-0.338925
-0.726232
-0.957981
-0.984529
-0.800190
-0.444451
0.006491
0.456041
0.807908
0.986720
0.954177
0.717248
0.326684
-0.133856
-0.565724
-0.876413
-0.999374
-0.908269
-0.622612
-0.203591
0.259039
0.666183
0.930630
0.995735
0.847554
0.517826
0.077179
-0.379999
-0.755782
-0.969675
-0.975864
-0.773022
-0.404598
0.050491
0.494765
0.833059
0.992912
0.940083
0.685887
0.284774
-0.177338
-0.601464
-0.896756
-0.999963
-0.888977
-0.587571
-0.160308
0.301294
0.698358
0.945833
0.990711
0.823378
0.479676
0.033228
-0.420338
-0.783867
-0.979491
-0.965308
-0.744355
-0.363961
0.094393
0.532529
0.856597
0.997181
0.924168
0.653198
0.242313
-0.220476
-0.636039
-0.915362
-0.998614
-0.867962
-0.551392
-0.116714
0.342964
0.729180
0.959204
0.983767
0.797606
0.440597
-0.010787
-0.459861
-0.810433
-0.987409
-0.952882
-0.714247
-0.322619
0.138113
0.569262
0.878474
0.999517
0.906463
0.619244
0.199382
-0.263187
-0.669381
-0.932194
-0.995330
-0.845266
-0.514145
-0.072894
0.383970
0.758589
0.970717
0.974916
0.770289
0.400665
-0.054782
-0.498494
-0.835429
-0.993414
-0.938609
-0.682754
-0.280653
0.181565
0.604891
0.898649
0.999916
0.887001
0.584089
0.156065
-0.305388
-0.701427
-0.947220
-0.990117
-0.820931
-0.475902
-0.028933
0.424233
0.786528
0.980348
0.964177
0.741479
0.359956
-0.098670
-0.536161
-0.858806
-0.997494
-0.922518
-0.649939
-0.238142
0.224665
0.639349
0.917083
0.998378
0.865820
0.547803
0.112445
-0.346998
-0.732113
-0.960410
-0.982987
-0.795007
-0.436736
0.015084
0.463673
0.812943
0.988080
0.951570
0.711233
0.318549
-0.142368
-0.572789
-0.880519
-0.999641
-0.904640
-0.615864
-0.195170
0.267330
0.672568
0.933741
0.994906
0.842962
0.510455
0.068608
-0.387935
-0.761381
-0.971740
-0.973951
-0.767541
-0.396724
0.059072
0.502215
0.837783
0.993897
0.937118
0.679608
0.276526
-0.185789
-0.608307
-0.900526
-0.999852
-0.885008
-0.580596
-0.151819
0.309477
0.704483
0.948589
0.989506
0.818470
0.472118
0.024638
-0.428120
-0.789174
-0.981187
-0.963028
-0.738589
-0.355943
0.102945
0.539783
0.860999
0.997789
0.920851
0.646667
0.233966
-0.228850
-0.642647
-0.918788
-0.998125
-0.863662
-0.544203
-0.108175
0.351024
0.735034
0.961598
0.982188
0.792393
0.432866
-0.019380
-0.467476
-0.815438
-0.988732
-0.950240
-0.708206
-0.314473
0.146619
0.576306
0.882548
0.999747
0.902800
0.612473
0.190953
-0.271468
-0.675741
-0.935270
-0.994464
-0.840642
-0.506755
-0.064321
0.391891
0.764160
0.972745
0.972968
0.764780
0.392776
-0.063361
-0.505926
-0.840121
-0.994362
-0.935610
-0.676450
-0.272394
0.190009
0.611712
0.902386
0.999768
0.882999
0.577092
0.147571
-0.313560
-0.707526
-0.949940
-0.988876
-0.815994
-0.468326
-0.020342
0.431999
0.791806
0.982007
0.961862
0.735685
0.351925
-0.107219
-0.543396
-0.863177
-0.998065
-0.919167
-0.643383
-0.229786
0.233031
0.645933
0.920476
0.997852
0.861488
0.540593
0.103902
-0.355045
-0.737940
-0.962769
-0.981372
-0.789764
-0.428989
0.023676
0.471270
0.817917
0.989366
0.948892
0.705165
0.310391
-0.150869
-0.579812
-0.884560
-0.999834
-0.900944
-0.609070
-0.186734
0.275601
0.678903
0.936782
0.994003
0.838307
0.503046
0.060032
-0.395841
-0.766925
-0.973733
-0.971966
-0.762004
-0.388821
0.067649
0.509628
0.842444
0.994808
0.934084
0.673279
0.268257
-0.194226
-0.615106
-0.904229
-0.999666
-0.880974
-0.573577
-0.143319
0.317638
0.710556
0.951274
0.988227
0.813502
0.464525
0.016045
-0.435871
-0.794423
-0.982810
-0.960678
-0.732768
-0.347899
0.111490
0.546998
0.865338
0.998323
0.917466
0.640088
0.225602
-0.237208
-0.649208
-0.922147
-0.997562
-0.859298
-0.536973
-0.099627
0.359058
0.740833
0.963922
0.980537
0.787121
0.425103
-0.027972
-0.475056
-0.820382
-0.989982
-0.947528
-0.702112
-0.306304
0.155115
0.583308
0.886556
0.999903
0.899071
0.605657
0.182511
-0.279729
-0.682051
-0.938277
-0.993524
-0.835957
-0.499328
-0.055742
0.399783
0.769675
0.974702
0.970947
0.759215
0.384858
-0.071935
-0.513320
-0.844751
-0.995237
-0.932541
-0.670095
-0.264115
0.198440
0.618488
0.906056
0.999546
0.878933
0.570052
0.139065
-0.321709
-0.713573
-0.952590
-0.987561
-0.810996
-0.460715
-0.011749
0.439734
0.797025
0.983594
0.959476
0.729837
0.343867
-0.115759
-0.550590
-0.867484
-0.998563
-0.915749
-0.636781
-0.221414
0.241380
0.652470
0.923800
0.997252
0.857092
0.533343
0.095351
-0.363066
-0.743713
-0.965057
-0.979684
-0.784463
-0.421210
0.032267
0.478832
0.822832
0.990580
0.946145
0.699046
0.302210
-0.159359
-0.586793
-0.888536
-0.999954
-0.897181
-0.602232
-0.178284
0.283852
0.685187
0.939755
0.993026
0.833591
0.495600
0.051451
-0.403718
-0.772411
-0.975653
-0.969910
-0.756411
-0.380889
0.076220
0.517003
0.847043
0.995646
0.930981
0.666900
0.259968
-0.202649
-0.621859
-0.907866
-0.999408
-0.876876
-0.566516
-0.134809
0.325775
0.716577
0.953888
0.986876
0.808474
0.456897
0.007452
-0.443589
-0.799613
-0.984360
-0.958256
-0.726893
-0.339829
0.120026
0.554172
0.869614
0.998784
0.914014
0.633462
0.217221
-0.245548
-0.655720
-0.925437
-0.996925
-0.854871
-0.529703
-0.091072
0.367066
0.746579
0.966174
0.978814
0.781791
0.417309
-0.036561
-0.482600
-0.825266
-0.991159
-0.944745
-0.695967
-0.298112
0.163599
0.590267
0.890499
0.999986
0.895275
0.598796
0.174054
-0.287970
-0.688311
-0.941215
-0.992511
-0.831210
-0.491863
-0.047159
0.407646
0.775133
0.976587
0.968855
0.753593
0.376912
-0.080504
-0.520676
-0.849319
-0.996038
-0.929404
-0.663692
-0.255816
0.206855
0.625218
0.909659
0.999251
0.874802
0.562970
0.130550
-0.329834
-0.719568
-0.955169
-0.986173
-0.805938
-0.453071
-0.003155
0.447436
0.802186
0.985108
0.957019
0.723935
0.335785
-0.124291
-0.557744
-0.871727
-0.998986
-0.912262
-0.630131
-0.213025
0.249711
0.658958
0.927057
0.996579
0.852634
0.526053
0.086792
-0.371060
-0.749430
-0.967273
-0.977925
-0.779105
-0.413400
0.040855
0.486359
0.827685
0.991720
0.943328
0.692875
0.294007
-0.167837
-0.593730
-0.892446
-0.999999
-0.893353
-0.595349
-0.169821
0.292082
0.691422
0.942658
0.991976
0.828813
0.488117
0.042867
-0.411566
-0.777841
-0.977502
-0.967782
-0.750762
-0.372928
0.084786
0.524340
0.851580
0.996411
0.927810
0.660471
0.251660
-0.211058
-0.628566
-0.911436
-0.999075
-0.872712
-0.559414
-0.126288
0.333888
0.722545
0.956433
0.985452
0.803387
0.449236
-0.001142
-0.451275
-0.804745
-0.985837
-0.955763
-0.720964
-0.331734
0.128553
0.561305
0.873825
0.999171
0.910494
0.626788
0.208825
-0.253869
-0.662184
-0.928659
-0.996215
-0.850380
-0.522394
-0.082511
0.375046
0.752268
0.968354
0.977018
0.776404
0.409484
-0.045148
-0.490109
-0.830089
-0.992263
-0.941893
-0.689770
-0.289897
0.172071
0.597182
0.894376
0.999995
0.891413
0.591891
0.165585
-0.296189
-0.694520
-0.944083
-0.991424
-0.826401
-0.484363
-0.038573
0.415478
0.780534
0.978399
0.966691
0.747917
0.368938
-0.089067
-0.527994
-0.853825
-0.996765
-0.926198
-0.657239
-0.247499
0.215256
0.631902
0.913195
0.998881
0.870606
0.555847
0.122025
-0.337935
-0.725509
-0.957678
-0.984713
-0.800821
-0.445393
0.005439
0.455105
0.807288
0.986549
0.954491
0.717980
0.327678
-0.132814
-0.564856
-0.875906
-0.999336
-0.908708
-0.623434
-0.204621
0.258023
0.665398
0.930245
0.995832
0.848112
0.518725
0.078228
-0.379026
-0.755093
-0.969418
-0.976093
-0.773689
-0.405560
0.049440
0.493850
0.832477
0.992787
0.940441
0.686652
0.285782
-0.176303
-0.600623
-0.896290
-0.999971
-0.889458
-0.588422
-0.161346
0.300291
0.697605
0.945491
0.990853
0.823974
0.480599
0.034279
-0.419383
-0.783213
-0.979279
-0.965582
-0.745057
-0.364941
0.093346
0.531639
0.856053
0.997101
0.924569
0.653994
0.243333
-0.219450
-0.635227
-0.914938
-0.998669
-0.868484
-0.552269
-0.117759
0.341976
0.728460
0.958906
0.983955
0.798240
0.441541
-0.009736
-0.458927
-0.809816
-0.987242
-0.953200
-0.714982
-0.323615
0.137071
0.568397
0.877971
0.999484
0.906906
0.620069
0.200413
-0.262172
-0.668600
-0.931813
-0.995431
-0.845827
-0.515047
-0.073943
0.382999
0.757903
0.970463
0.975150
0.770959
0.401628
-0.053732
-0.497582
-0.834850
-0.993293
-0.938972
-0.683522
-0.281662
0.180531
0.604053
0.898188
0.999929
0.887486
0.584942
0.157104
-0.304387
-0.700677
-0.946882
-0.990264
-0.821532
-0.476826
-0.029984
0.423280
0.785878
0.980140
0.964456
0.742184
0.360937
-0.097624
-0.535273
-0.858267
-0.997419
-0.922924
-0.650738
-0.239163
0.223640
0.638540
0.916664
0.998438
0.866346
0.548682
0.113490
-0.346011
-0.731397
-0.960117
-0.983179
-0.795644
-0.437682
0.014032
0.462741
0.812330
0.987917
0.951892
0.711972
0.319546
-0.141326
-0.571927
-0.880020
-0.999612
-0.905087
-0.616692
-0.196201
0.266317
0.671789
0.933364
0.995011
0.843527
0.511359
0.069657
-0.386965
-0.760699
-0.971491
-0.974189
-0.768215
-0.397689
0.058022
0.501305
0.837208
0.993781
0.937485
0.680379
0.277536
-0.184755
-0.607472
-0.900068
-0.999869
-0.885497
-0.581452
-0.152859
0.308477
0.703736
0.948255
0.989657
0.819074
0.473045
0.025689
-0.427169
-0.788528
-0.980983
-0.963311
-0.739298
-0.356926
0.101899
0.538898
0.860464
0.997718
0.921261
0.647469
0.234989
-0.227826
-0.641841
-0.918373
-0.998188
-0.864192
-0.545085
-0.109220
0.350039
0.734320
0.961309
0.982385
0.793034
0.433814
-0.018329
-0.466546
-0.814828
-0.988574
-0.950567
-0.708948
-0.315471
0.145579
0.575446
0.882053
0.999723
0.903252
0.613304
0.191986
-0.270456
-0.674966
-0.934897
-0.994573
-0.841211
-0.507661
-0.065370
0.390924
0.763481
0.972501
0.973210
0.765457
0.393743
-0.062311
-0.505018
-0.839550
-0.994250
-0.935981
-0.677224
-0.273405
0.188977
0.610880
0.901932
0.999790
0.883493
0.577950
0.148611
-0.312561
-0.706783
-0.949611
-0.989032
-0.816601
-0.469255
-0.021393
0.431050
0.791163
0.981808
0.962149
0.736397
0.352909
-0.106173
-0.542512
-0.862645
-0.997999
-0.919581
-0.644188
-0.230810
0.232008
0.645130
0.920064
0.997921
0.862022
0.541477
0.104948
-0.354061
-0.737230
-0.962484
-0.981573
-0.790409
-0.429939
0.022625
0.470342
0.817312
0.989213
0.949224
0.705911
0.311391
-0.149829
-0.578955
-0.884069
-0.999815
-0.901400
-0.609904
-0.187767
0.274590
0.678130
0.936414
0.994117
0.838880
0.503955
0.061082
-0.394875
-0.766249
-0.973493
-0.972213
-0.762685
-0.389789
0.066599
0.508722
0.841877
0.994701
0.934459
0.674056
0.269270
-0.193195
-0.614276
-0.903780
-0.999693
-0.881472
-0.574438
-0.144360
0.316640
0.709816
0.950949
0.988388
0.814114
0.465456
0.017097
-0.434924
-0.793784
-0.982615
-0.960969
-0.733483
-0.348885
0.110445
0.546117
0.864811
0.998262
0.917884
0.640896
0.226627
-0.236186
-0.648407
-0.921739
-0.997634
-0.859836
-0.537860
-0.100674
0.358077
0.740127
0.963641
0.980743
0.787769
0.426055
-0.026921
-0.474130
-0.819780
-0.989833
-0.947863
-0.702861
-0.307305
0.154076
0.582454
0.886069
0.999888
0.899531
0.606493
0.183545
-0.278720
-0.681282
-0.937913
-0.993643
-0.836534
-0.500239
-0.056792
0.398819
0.769003
0.974466
0.971198
0.759899
0.385829
-0.070886
-0.512417
-0.844188
-0.995134
-0.932921
-0.670876
-0.265129
0.197409
0.617661
0.905611
0.999577
0.879434
0.570916
0.140107
-0.320713
-0.712836
-0.952269
-0.987726
-0.811611
-0.461648
-0.012801
0.438789
0.796390
0.983403
0.959771
0.730556
0.344855
-0.114714
-0.549712
-0.866960
-0.998506
-0.916171
-0.637591
-0.222439
0.240359
0.651672
0.923397
0.997330
0.857634
0.534232
0.096398
-0.362085
-0.743009
-0.964780
-0.979895
-0.785115
-0.422164
0.031216
0.477909
0.822233
0.990435
0.946485
0.699797
0.303213
-0.158320
-0.585941
-0.888053
-0.999943
-0.897645
-0.603071
-0.179319
0.282844
0.684421
0.939395
0.993150
0.834171
0.496513
0.052502
-0.402756
-0.771743
-0.975422
-0.970165
-0.757099
-0.381861
0.075172
0.516102
0.846484
0.995548
0.931365
0.667683
0.260983
-0.201619
-0.621035
-0.907425
-0.999443
-0.877381
-0.567383
-0.135851
0.324780
0.715843
0.953572
0.987045
0.809093
0.457832
0.008504
-0.442646
-0.798981
-0.984174
-0.958556
-0.727615
-0.340818
0.118982
0.553296
0.869094
0.998731
0.914440
0.634275
0.218248
-0.244528
-0.654926
-0.925038
-0.997007
-0.855416
-0.530595
-0.092120
0.366087
0.745878
0.965902
0.979029
0.782447
0.418264
-0.035510
-0.481679
-0.824671
-0.991019
-0.945090
-0.696721
-0.299115
0.162562
0.589418
0.890020
0.999980
0.895743
0.599638
0.175090
-0.286963
-0.687547
-0.940859
-0.992638
-0.831794
-0.492779
-0.048210
0.406685
0.774468
0.976360
0.969115
0.754284
0.377886
-0.079456
-0.519778
-0.848764
-0.995944
-0.929792
-0.664478
-0.256833
0.205826
0.624397
0.909222
0.999291
0.875311
0.563839
0.131592
-0.328841
-0.718837
-0.954857
-0.986347
-0.806560
-0.454008
-0.004207
0.446495
0.801558
0.984926
0.957323
0.724661
0.336775
-0.123247
-0.556870
-0.871211
-0.998938
-0.912692
-0.630947
-0.214053
0.248692
0.658167
0.926662
0.996665
0.853183
0.526948
0.087840
-0.370083
-0.748734
-0.967005
-0.978144
-0.779764
-0.414357
0.039804
0.485440
0.827094
0.991584
0.943677
0.693633
0.295012
-0.166800
-0.592883
-0.891971
-0.999998
-0.893825
-0.596194
-0.170858
0.291076
0.690661
0.942306
0.992109
0.829401
0.489035
0.043918
-0.410607
-0.777180
-0.977280
-0.968046
-0.751456
-0.373904
0.083739
0.523444
0.851028
0.996321
0.928202
0.661261
0.252677
-0.210029
-0.627748
-0.911002
-0.999120
-0.873225
-0.560285
-0.127332
0.332896
0.721818
0.956125
0.985630
0.804013
0.450175
-0.000090
-0.450336
-0.804120
-0.985661
-0.956072
-0.721693
-0.332726
0.127510
0.560434
0.873313
0.999127
0.910928
0.627608
0.209853
-0.252852
-0.661396
-0.928269
-0.996306
-0.850933
-0.523291
-0.083559
0.374071
0.751575
0.968091
0.977242
0.777066
0.410443
-0.044098
-0.489192
-0.829502
-0.992131
-0.942246
-0.690531
-0.290904
0.171035
0.596338
0.893905
0.999997
0.891890
0.592738
0.166622
-0.295184
-0.693762
-0.943736
-0.991561
-0.826993
-0.485282
-0.039624
0.414521
0.779876
0.978182
0.966960
0.748614
0.369915
-0.088020
-0.527101
-0.853277
-0.996680
-0.926594
-0.658031
-0.248518
0.214229
0.631087
0.912766
0.998930
0.871123
0.556721
0.123068
-0.336945
-0.724785
-0.957375
-0.984895
-0.801450
-0.446334
0.004387
0.454169
0.806667
0.986377
0.954804
0.718712
0.328671
-0.131771
-0.563988
-0.875398
-0.999297
-0.909147
-0.624256
-0.205650
0.257007
0.664613
0.929858
0.995927
0.848668
0.519624
0.079276
-0.378053
-0.754403
-0.969159
-0.976321
-0.774354
-0.406521
0.048390
0.492936
0.831894
0.992660
0.940798
0.687417
0.286790
-0.175267
-0.599782
-0.895823
-0.999979
-0.889938
-0.589272
-0.162384
0.299287
0.696851
0.945148
0.990995
0.824569
0.481521
0.035330
-0.418428
-0.782559
-0.979065
-0.965855
-0.745758
-0.365920
0.092299
0.530747
0.855509
0.997021
0.924970
0.654790
0.244353
-0.218424
-0.634414
-0.914513
-0.998722
-0.869005
-0.553146
-0.118803
0.340988
0.727739
0.958607
0.984142
0.798873
0.442485
-0.008684
-0.457993
-0.809199
-0.987074
-0.953518
-0.715717
-0.324610
0.136029
0.567531
0.877467
0.999449
0.907349
0.620894
0.201443
-0.261157
-0.667817
-0.931430
-0.995531
-0.846388
-0.515948
-0.074992
0.382027
0.757216
0.970209
0.975382
0.771628
0.402591
-0.052682
-0.496670
-0.834271
-0.993171
-0.939333
-0.684289
-0.282671
0.179496
0.603215
0.897725
0.999941
0.887970
0.585795
0.158142
-0.303385
-0.699926
-0.946543
-0.990410
-0.822131
-0.477750
-0.031036
0.422327
0.785227
0.979931
0.964733
0.742889
0.361917
-0.096577
-0.534384
-0.857726
-0.997343
-0.923328
-0.651536
-0.240184
0.222615
0.637730
0.916243
0.998496
0.866871
0.549561
0.114535
-0.345024
-0.730679
-0.959822
-0.983371
-0.796281
-0.438627
0.012981
0.461808
0.811716
0.987754
0.952214
0.712710
0.320542
-0.140285
-0.571064
-0.879520
-0.999583
-0.905534
-0.617520
-0.197232
0.265303
0.671009
0.932986
0.995116
0.844091
0.512262
0.070706
-0.385995
-0.760016
-0.971241
-0.974426
-0.768888
-0.398654
0.056972
0.500395
0.836632
0.993663
0.937850
0.681150
0.278546
-0.183722
-0.606637
-0.899609
-0.999886
-0.885986
-0.582307
-0.153898
0.307476
0.702989
0.947921
0.989807
0.819677
0.473971
0.026740
-0.426218
-0.787880
-0.980778
-0.963593
-0.740005
-0.357908
0.100853
0.538011
0.859928
0.997647
0.921669
0.648270
0.236011
-0.226802
-0.641034
-0.917956
-0.998251
-0.864720
-0.545966
-0.110266
0.349054
0.733606
0.961019
0.982581
0.793674
0.434762
-0.017277
-0.465615
-0.814218
-0.988415
-0.950893
-0.709689
-0.316469
0.144538
0.574586
0.881557
0.999698
0.903703
0.614134
0.193018
-0.269443
-0.674189
-0.934524
-0.994682
-0.841780
-0.508567
-0.066419
0.389955
0.762802
0.972255
0.973451
0.766134
0.394709
-0.061262
-0.504110
-0.838978
-0.994137
-0.936351
-0.677997
-0.274417
0.187944
0.610047
0.901478
0.999811
0.883985
0.578808
0.149651
-0.311562
-0.706038
-0.949281
-0.989186
-0.817208
-0.470183
-0.022445
0.430101
0.790519
0.981608
0.962435
0.737108
0.353893
-0.105127
-0.541629
-0.862113
-0.997932
-0.919994
-0.644992
-0.231833
0.230985
0.644326
0.919652
0.997988
0.862554
0.542361
0.105994
-0.353077
-0.736519
-0.962198
-0.981774
-0.791053
-0.430888
0.021573
0.469414
0.816705
0.989058
0.949554
0.706655
0.312390
-0.148789
-0.578097
-0.883577
-0.999794
-0.901854
-0.610737
-0.188800
0.273579
0.677357
0.936044
0.994231
0.839452
0.504863
0.062131
-0.393909
-0.765573
-0.973251
-0.972459
-0.763365
-0.390758
0.065550
0.507817
0.841309
0.994592
0.934833
0.674833
0.270282
-0.192163
-0.613446
-0.903329
-0.999719
-0.881968
-0.575299
-0.145401
0.315642
0.709075
0.950623
0.988547
0.814724
0.466386
0.018149
-0.433977
-0.793144
-0.982419
-0.961260
-0.734198
-0.349870
0.109399
0.545236
0.864282
0.998199
0.918301
0.641703
0.227651
-0.235164
-0.647606
-0.921331
-0.997706
-0.860372
-0.538746
-0.101720
0.357094
0.739419
0.963360
0.980948
0.788417
0.427006
-0.025869
-0.473204
-0.819177
-0.989683
-0.948198
-0.703608
-0.308305
0.153037
0.581598
0.885581
0.999872
0.899990
0.607329
0.184578
-0.277709
-0.680511
-0.937548
-0.993761
-0.837109
-0.501149
-0.057842
0.397855
0.768331
0.974230
0.971448
0.760582
0.386799
-0.069837
-0.511514
-0.843624
-0.995029
-0.933299
-0.671655
-0.266143
0.196378
0.616834
0.905164
0.999607
0.879934
0.571779
0.141148
-0.319717
-0.712098
-0.951948
-0.987889
-0.812225
-0.462581
-0.013852
0.437844
0.795753
0.983212
0.960066
0.731274
0.345842
-0.113670
-0.548833
-0.866436
-0.998448
-0.916592
-0.638401
-0.223465
0.239338
0.650874
0.922993
0.997406
0.858174
0.535121
0.097444
-0.361105
-0.742305
-0.964503
-0.980104
-0.785766
-0.423117
0.030165
0.476985
0.821634
0.990289
0.946824
0.700548
0.304215
-0.157282
-0.585088
-0.887569
-0.999932
-0.898108
-0.603910
-0.180353
0.281835
0.683654
0.939034
0.993272
0.834751
0.497426
0.053552
-0.401793
-0.771074
-0.975190
-0.970420
-0.757785
-0.382833
0.074123
0.515201
0.845923
0.995448
0.931747
0.668466
0.261998
-0.200589
-0.620210
-0.906982
-0.999478
-0.877885
-0.568248
-0.136893
0.323785
0.715108
0.953255
0.987214
0.809711
0.458767
0.009555
-0.441703
-0.798348
-0.983987
-0.958855
-0.728336
-0.341807
0.117938
0.552420
0.868573
0.998678
0.914865
0.635088
0.219274
-0.243508
-0.654131
-0.924638
-0.997088
-0.855960
-0.531486
-0.093167
0.365109
0.745177
0.965629
0.979242
0.783101
0.419219
-0.034459
-0.480757
-0.824076
-0.990878
-0.945433
-0.697476
-0.300119
0.161524
0.588568
0.889540
0.999973
0.896210
0.600479
0.176125
-0.285955
-0.686783
-0.940502
-0.992765
-0.832377
-0.493694
-0.049260
0.405724
0.773803
0.976132
0.969373
0.754974
0.378860
-0.078407
-0.518879
-0.848207
-0.995848
-0.930178
-0.665264
-0.257849
0.204797
0.623575
0.908784
0.999330
0.875819
0.564707
0.132635
-0.327848
-0.718105
-0.954544
-0.986520
-0.807182
-0.454945
-0.005259
0.445554
0.800929
0.984744
0.957626
0.725385
0.337765
-0.122204
-0.555996
-0.870695
-0.998889
-0.913122
-0.631763
-0.215080
0.247673
0.657375
0.926266
0.996751
0.853731
0.527841
0.088888
-0.369106
-0.748036
-0.966737
-0.978362
-0.780422
-0.415314
0.038753
0.484520
0.826503
0.991448
0.944024
0.694390
0.296017
-0.165763
-0.592036
-0.891495
-0.999995
-0.894296
-0.597038
-0.171894
0.290070
0.689900
0.941954
0.992240
0.829988
0.489952
0.044968
-0.409648
-0.776517
-0.977056
-0.968309
-0.752150
-0.374879
0.082690
0.522548
0.850475
0.996230
0.928592
0.662049
0.253695
-0.209001
-0.626929
-0.910568
-0.999163
-0.873737
-0.561156
-0.128375
0.331904
0.721089
0.955816
0.985807
0.804638
0.451114
0.000962
-0.449397
-0.803494
-0.985483
-0.956380
-0.722420
-0.333718
0.126467
0.559563
0.872800
0.999083
0.911361
0.628426
0.210881
-0.251834
-0.660607
-0.927877
-0.996395
-0.851485
-0.524187
-0.084607
0.373096
0.750881
0.967827
0.977464
0.777728
0.411402
-0.043047
-0.488275
-0.828914
-0.991999
-0.942598
-0.691291
-0.291910
0.169999
0.595494
0.893433
0.999999
0.892365
0.593585
0.167659
-0.294179
-0.693005
-0.943388
-0.991697
-0.827584
-0.486202
-0.040675
0.413564
0.779218
0.977962
0.967227
0.749311
0.370892
-0.086972
-0.526207
-0.852728
-0.996594
-0.926989
-0.658823
-0.249536
0.213201
0.630271
0.912336
0.998978
0.871639
0.557594
0.124112
-0.335955
-0.724060
-0.957071
-0.985077
-0.802079
-0.447275
0.003335
0.453231
0.806045
0.986203
0.955116
0.719443
0.329664
-0.130728
-0.563119
-0.874889
-0.999258
-0.909584
-0.625078
-0.206679
0.255990
0.663827
0.929471
0.996022
0.849224
0.520522
0.080325
-0.377079
-0.753712
-0.968899
-0.976548
-0.775020
-0.407481
0.047339
0.492020
0.831310
0.992533
0.941154
0.688180
0.287797
-0.174232
-0.598940
-0.895355
-0.999985
-0.890417
-0.590121
-0.163421
0.298284
0.696096
0.944804
0.991135
0.825164
0.482442
0.036381
-0.417473
-0.781904
-0.978851
-0.966127
-0.746459
-0.366898
0.091252
0.529856
0.854964
0.996939
0.925369
0.655584
0.245373
-0.217397
-0.633601
-0.914087
-0.998775
-0.869525
-0.554022
-0.119847
0.339999
0.727017
0.958307
0.984328
0.799505
0.443428
-0.007632
-0.457057
-0.808580
-0.986905
-0.953834
-0.716451
-0.325604
0.134987
0.566665
0.876962
0.999414
0.907790
0.621718
0.202473
-0.260142
-0.667034
-0.931047
-0.995629
-0.846947
-0.516849
-0.076041
0.381055
0.756529
0.969954
0.975614
0.772297
0.403554
-0.051631
-0.495757
-0.833691
-0.993048
-0.939693
-0.685056
-0.283679
0.178461
0.602376
0.897261
0.999952
0.888453
0.586647
0.159181
-0.302382
-0.699175
-0.946203
-0.990555
-0.822729
-0.478674
-0.032087
0.421373
0.784575
0.979721
0.965009
0.743592
0.362898
-0.095530
-0.533495
-0.857185
-0.997266
-0.923731
-0.652333
-0.241205
0.221590
0.636920
0.915821
0.998553
0.867394
0.550439
0.115580
-0.344037
-0.729961
-0.959526
-0.983561
-0.796917
-0.439572
0.011929
0.460875
0.811101
0.987589
0.952535
0.713447
0.321538
-0.139244
-0.570200
-0.879019
-0.999552
-0.905980
-0.618347
-0.198263
0.264288
0.670229
0.932607
0.995219
0.844655
0.513165
0.071755
-0.385025
-0.759332
-0.970990
-0.974662
-0.769560
-0.399618
0.055922
0.499484
0.836056
0.993544
0.938215
0.681919
0.279556
-0.182688
-0.605800
-0.899150
-0.999901
-0.886473
-0.583162
-0.154937
0.306475
0.702240
0.947585
0.989957
0.820279
0.474897
0.027792
-0.425266
-0.787232
-0.980573
-0.963874
-0.740712
-0.358890
0.099807
0.537125
0.859390
0.997574
0.922077
0.649070
0.237033
-0.225778
-0.640226
-0.917538
-0.998313
-0.865248
-0.546847
-0.111311
0.348068
0.732891
0.960728
0.982776
0.794314
0.435708
-0.016226
-0.464684
-0.813607
-0.988255
-0.951218
-0.710430
-0.317467
0.143498
0.573725
0.881060
0.999671
0.904152
0.614964
0.194050
-0.268430
-0.673412
-0.934149
-0.994790
-0.842347
-0.509473
-0.067469
0.388987
0.762121
0.972009
0.973692
0.766809
0.395676
-0.060212
-0.503202
-0.838406
-0.994023
-0.936719
-0.678770
-0.275428
0.186911
0.609213
0.901022
0.999831
0.884476
0.579666
0.150690
-0.310563
-0.705293
-0.948949
-0.989340
-0.817814
-0.471111
-0.023496
0.429152
0.789875
0.981406
0.962720
0.737819
0.354876
-0.104081
-0.540744
-0.861580
-0.997864
-0.920405
-0.645796
-0.232856
0.229962
0.643521
0.919238
0.998054
0.863086
0.543244
0.107039
-0.352093
-0.735807
-0.961911
-0.981973
-0.791696
-0.431837
0.020522
0.468485
0.816098
0.988902
0.949883
0.707399
0.313389
-0.147749
-0.577239
-0.883084
-0.999772
-0.902308
-0.611570
-0.189832
0.272567
0.676583
0.935674
0.994343
0.840023
0.505770
0.063181
-0.392942
-0.764896
-0.973009
-0.972703
-0.764044
-0.391726
0.064500
0.506910
0.840740
0.994482
0.935206
0.675608
0.271295
-0.191130
-0.612615
-0.902878
-0.999743
-0.882463
-0.576159
-0.146441
0.314644
0.708333
0.950296
0.988705
0.815333
0.467316
0.019200
-0.433029
-0.792503
-0.982222
-0.961549
-0.734911
-0.350856
0.108354
0.544354
0.863753
0.998136
0.918717
0.642509
0.228675
-0.234141
-0.646804
-0.920922
-0.997777
-0.860908
-0.539632
-0.102766
0.356112
0.738711
0.963077
0.981152
0.789063
0.427957
-0.024818
-0.472277
-0.818574
-0.989532
-0.948531
-0.704355
-0.309306
0.151997
0.580742
0.885092
0.999855
0.900448
0.608164
0.185612
-0.276699
-0.679740
-0.937181
-0.993877
-0.837684
-0.502059
-0.058892
0.396889
0.767657
0.973992
0.971697
0.761264
0.387768
-0.068788
-0.510610
-0.843059
-0.994924
-0.933676
-0.672434
-0.267156
0.195346
0.616006
0.904716
0.999636
0.880434
0.572641
0.142189
-0.318720
-0.711359
-0.951625
-0.988052
-0.812838
-0.463513
-0.014904
0.436898
0.795116
0.983020
0.960360
0.731991
0.346828
-0.112625
-0.547953
-0.865910
-0.998389
-0.917012
-0.639210
-0.224490
0.238317
0.650076
0.922588
0.997481
0.858714
0.536009
0.098491
-0.360124
-0.741600
-0.964225
-0.980312
-0.786416
-0.424069
0.029113
0.476060
0.821034
0.990143
0.947162
0.701298
0.305217
-0.156243
-0.584235
-0.887084
-0.999919
-0.898570
-0.604748
-0.181388
0.280826
0.682886
0.938672
0.993393
0.835330
0.498338
0.054602
-0.400830
-0.770404
-0.974957
-0.970673
-0.758471
-0.383804
0.073074
0.514300
0.845362
0.995347
0.932129
0.669247
0.263013
-0.199559
-0.619385
-0.906539
-0.999511
-0.878388
-0.569113
-0.137934
0.322790
0.714373
0.952937
0.987381
0.810327
0.459701
0.010607
-0.440759
-0.797715
-0.983799
-0.959153
-0.729056
-0.342795
0.116893
0.551543
0.868052
0.998623
0.915289
0.635900
0.220300
-0.242488
-0.653335
-0.924237
-0.997167
-0.856504
-0.532376
-0.094214
0.364129
0.744476
0.965355
0.979455
0.783755
0.420174
-0.033408
-0.479834
-0.823480
-0.990735
-0.945775
-0.698229
-0.301122
0.160486
0.587717
0.889059
0.999964
0.896676
0.601320
0.177160
-0.284947
-0.686019
-0.940145
-0.992891
-0.832960
-0.494608
-0.050311
0.404763
0.773136
0.975903
0.969631
0.755664
0.379833
-0.077359
-0.517980
-0.847650
-0.995752
-0.930564
-0.666048
-0.258865
0.203767
0.622753
0.908344
0.999368
0.876326
0.565575
0.133677
-0.326854
-0.717373
-0.954230
-0.986691
-0.807802
-0.455881
-0.006310
0.444612
0.800298
0.984560
0.957929
0.726108
0.338755
-0.121160
-0.555122
-0.870177
-0.998839
-0.913550
-0.632578
-0.216107
0.246654
0.656582
0.925869
0.996835
0.854278
0.528734
0.089935
-0.368128
-0.747338
-0.966467
-0.978579
-0.781079
-0.416271
0.037703
0.483600
0.825910
0.991310
0.944370
0.695146
0.297021
-0.164726
-0.591188
-0.891018
-0.999991
-0.894766
-0.597881
-0.172930
0.289063
0.689139
0.941600
0.992370
0.830574
0.490869
0.046019
-0.408688
-0.775854
-0.976832
-0.968571
-0.752842
-0.375854
0.081642
0.521651
0.849922
0.996139
0.928982
0.662837
0.254712
-0.207972
-0.626109
-0.910133
-0.999206
-0.874248
-0.562026
-0.129418
0.330912
0.720360
0.955507
0.985983
0.805262
0.452052
0.002013
-0.448457
-0.802868
-0.985303
-0.956687
-0.723147
-0.334709
0.125424
0.558691
0.872286
0.999037
0.911794
0.629244
0.211909
-0.250816
-0.659817
-0.927484
-0.996484
-0.852036
-0.525082
-0.085655
0.372120
0.750186
0.967562
0.977686
0.778388
0.412360
-0.041996
-0.487357
-0.828325
-0.991866
-0.942948
-0.692051
-0.292916
0.168962
0.594648
0.892961
1.000000
0.892839
0.594431
0.168696
-0.293174
-0.692246
-0.943038
-0.991831
-0.828174
-0.487121
-0.041726
0.412606
0.778558
0.977742
0.967494
0.750007
0.371869
-0.085924
-0.525312
-0.852178
-0.996507
-0.927383
-0.659614
-0.250555
0.212174
0.629454
0.911905
0.999025
0.872154
0.558467
0.125156
-0.334964
-0.723334
-0.956765
-0.985257
-0.802706
-0.448215
0.002284
0.452294
0.805422
0.986028
0.955427
0.720173
0.330657
-0.129686
-0.562250
-0.874379
-0.999216
-0.910021
-0.625898
-0.207708
0.254974
0.663040
0.929082
0.996115
0.849779
0.521420
0.081373
-0.376105
-0.753020
-0.968639
-0.976774
-0.775684
-0.408442
0.046289
0.491104
0.830725
0.992404
0.941509
0.688943
0.288804
-0.173196
-0.598098
-0.894887
-0.999990
-0.890895
-0.590970
-0.164459
0.297280
0.695341
0.944459
0.991274
0.825758
0.483363
0.037432
-0.416517
-0.781248
-0.978635
-0.966398
-0.747158
-0.367876
0.090204
0.528964
0.854418
0.996856
0.925767
0.656378
0.246392
-0.216371
-0.632787
-0.913660
-0.998826
-0.870044
-0.554897
-0.120891
0.339010
0.726294
0.958006
0.984513
0.800136
0.444370
-0.006581
-0.456122
-0.807961
-0.986735
-0.954150
-0.717185
-0.326599
0.133945
0.565798
0.876456
0.999377
0.908231
0.622541
0.203503
-0.259126
-0.666250
-0.930663
-0.995727
-0.847506
-0.517749
-0.077089
0.380083
0.755841
0.969697
0.975844
0.772965
0.404516
-0.050581
-0.494843
-0.833109
-0.992923
-0.940052
-0.685822
-0.284688
0.177426
0.601536
0.896796
0.999962
0.888935
0.587498
0.160219
-0.301380
-0.698422
-0.945863
-0.990699
-0.823326
-0.479597
-0.033138
0.420419
0.783923
0.979509
0.965285
0.744295
0.363877
-0.094483
-0.532605
-0.856643
-0.997188
-0.924134
-0.653130
-0.242225
0.220564
0.636108
0.915398
0.998609
0.867917
0.551317
0.116625
-0.343049
-0.729241
-0.959230
-0.983751
-0.797552
-0.440516
0.010877
0.459941
0.810486
0.987423
0.952855
0.714184
0.322534
-0.138202
-0.569336
-0.878517
-0.999520
-0.906425
-0.619173
-0.199294
0.263274
0.669448
0.932226
0.995321
0.845217
0.514068
0.072804
-0.384054
-0.758647
-0.970738
-0.974896
-0.770231
-0.400582
0.054872
0.498572
0.835478
0.993424
0.938578
0.682688
0.280566
-0.181654
-0.604963
-0.898689
-0.999915
-0.886959
-0.584016
-0.155976
0.305474
0.701491
0.947249
0.990105
0.820880
0.475822
0.028843
-0.424314
-0.786583
-0.980366
-0.964153
-0.741419
-0.359872
0.098760
0.536237
0.858852
0.997500
0.922483
0.649870
0.238054
-0.224753
-0.639418
-0.917119
-0.998373
-0.865775
-0.547727
-0.112356
0.347082
0.732175
0.960435
0.982970
0.794952
0.436655
-0.015174
-0.463753
-0.812995
-0.988094
-0.951542
-0.711169
-0.318464
0.142457
0.572863
0.880562
0.999644
0.904601
0.615793
0.195081
-0.267417
-0.672634
-0.933773
-0.994897
-0.842913
-0.510377
-0.068518
0.388018
0.761440
0.971761
0.973931
0.767484
0.396641
-0.059162
-0.502293
-0.837832
-0.993907
-0.937087
-0.679542
-0.276439
0.185877
0.608379
0.900565
0.999850
0.884966
0.580522
0.151730
-0.309563
-0.704547
-0.948617
-0.989493
-0.818418
-0.472038
-0.024548
0.428201
0.789229
0.981204
0.963004
0.738528
0.355859
-0.103035
-0.539859
-0.861045
-0.997795
-0.920816
-0.646598
-0.233879
0.228938
0.642716
0.918824
0.998119
0.863617
0.544127
0.108085
-0.351109
-0.735095
-0.961623
-0.982171
-0.792338
-0.432785
0.019470
0.467555
0.815490
0.988746
0.950212
0.708142
0.314388
-0.146709
-0.576380
-0.882590
-0.999749
-0.902761
-0.612401
-0.190865
0.271555
0.675808
0.935302
0.994454
0.840594
0.506677
0.064231
-0.391974
-0.764218
-0.972766
-0.972947
-0.764722
-0.392693
0.063451
0.506004
0.840170
0.994372
0.935578
0.676383
0.272307
-0.190098
-0.611784
-0.902425
-0.999766
-0.882957
-0.577018
-0.147481
0.313646
0.707590
0.949968
0.988862
0.815942
0.468246
0.020252
-0.432081
-0.791861
-0.982024
-0.961837
-0.735624
-0.351840
0.107308
0.543471
0.863222
0.998071
0.919132
0.643314
0.229699
-0.233119
-0.646002
-0.920511
-0.997846
-0.861442
-0.540517
-0.103812
0.355129
0.738001
0.962793
0.981354
0.789709
0.428907
-0.023766
-0.471349
-0.817969
-0.989379
-0.948864
-0.705101
-0.310306
0.150958
0.579886
0.884602
0.999836
0.900905
0.608999
0.186645
-0.275688
-0.678969
-0.936814
-0.993993
-0.838258
-0.502968
-0.059942
0.395924
0.766983
0.973753
0.971945
0.761946
0.388738
-0.067739
-0.509705
-0.842493
-0.994818
-0.934052
-0.673212
-0.268170
0.194315
0.615177
0.904268
0.999664
0.880932
0.573503
0.143230
-0.317723
-0.710620
-0.951301
-0.988214
-0.813450
-0.464445
-0.015955
0.435952
0.794478
0.982826
0.960653
0.732707
0.347815
-0.111579
-0.547073
-0.865384
-0.998328
-0.917431
-0.640019
-0.225514
0.237295
0.649276
0.922182
0.997555
0.859252
0.536897
0.099538
-0.359143
-0.740894
-0.963946
-0.980519
-0.787066
-0.425022
0.028062
0.475135
0.820434
0.989995
0.947499
0.702048
0.306218
-0.155204
-0.583381
-0.886598
-0.999905
-0.899031
-0.605585
-0.182422
0.279816
0.682117
0.938308
0.993513
0.835907
0.499250
0.055652
-0.399866
-0.769733
-0.974722
-0.970926
-0.759156
-0.384775
0.072025
0.513397
0.844800
0.995245
0.932509
0.670029
0.264028
-0.198528
-0.618559
-0.906094
-0.999544
-0.878890
-0.569978
-0.138976
0.321794
0.713636
0.952617
0.987547
0.810943
0.460635
0.011659
-0.439815
-0.797080
-0.983610
-0.959450
-0.729776
-0.343783
0.115849
0.550665
0.867529
0.998567
0.915712
0.636711
0.221326
-0.241467
-0.652538
-0.923835
-0.997246
-0.857046
-0.533266
-0.095261
0.363150
0.743773
0.965080
0.979666
0.784408
0.421128
-0.032357
-0.478911
-0.822883
-0.990592
-0.946116
-0.698981
-0.302124
0.159448
0.586866
0.888577
0.999955
0.897141
0.602160
0.178195
-0.283939
-0.685253
-0.939786
-0.993016
-0.833541
-0.495522
-0.051361
0.403801
0.772469
0.975673
0.969888
0.756352
0.380805
-0.076310
-0.517080
-0.847091
-0.995655
-0.930949
-0.666833
-0.259881
0.202738
0.621930
0.907904
0.999405
0.876832
0.566442
0.134720
-0.325860
-0.716640
-0.953915
-0.986862
-0.808421
-0.456817
-0.007362
0.443670
0.799667
0.984376
0.958230
0.726831
0.339745
-0.120116
-0.554247
-0.869658
