0.000000
0.343169
0.644659
0.867854
0.985645
0.983728
0.862334
0.636207
0.332811
-0.011005
-0.353485
-0.653033
-0.873269
-0.987444
-0.981691
-0.856709
-0.627678
-0.322413
0.022009
0.363758
0.661328
0.878578
0.989122
0.979535
0.850981
0.619072
0.311976
-0.033010
-0.373988
-0.669543
-0.883781
-0.990681
-0.977261
-0.845149
-0.610392
-0.301501
0.044008
0.384172
0.677677
0.888877
0.992120
0.974868
0.839215
0.601638
0.290990
-0.054999
-0.394309
-0.685729
-0.893865
-0.993439
-0.972357
-0.833180
-0.592811
-0.280443
0.065985
0.404399
0.693698
0.898745
0.994637
0.969729
0.827044
0.583912
0.269863
-0.076962
-0.414439
-0.701582
-0.903516
-0.995715
-0.966982
-0.820807
-0.574942
-0.259250
0.087930
0.424430
0.709382
0.908178
0.996673
0.964119
0.814471
0.565903
0.248605
-0.098887
-0.434369
-0.717096
-0.912729
-0.997509
-0.961139
-0.808036
-0.556795
-0.237930
0.109832
0.444256
0.724723
0.917170
0.998225
0.958043
0.801504
0.547620
0.227227
-0.120764
-0.454088
-0.732262
-0.921500
-0.998820
-0.954831
-0.794874
-0.538379
-0.216495
0.131682
0.463866
0.739712
0.925719
0.999294
0.951503
0.788149
0.529072
0.205738
-0.142583
-0.473587
-0.747073
-0.929825
-0.999647
-0.948059
-0.781327
-0.519701
-0.194956
0.153467
0.483252
0.754344
0.933819
0.999879
0.944501
0.774411
0.510267
0.184150
-0.164333
-0.492857
-0.761523
-0.937699
-0.999990
-0.940829
-0.767402
-0.500772
-0.173322
0.175179
0.502403
0.768609
0.941466
0.999979
0.937042
0.760299
0.491216
0.162473
-0.186003
-0.511888
-0.775603
-0.945119
-0.999848
-0.933142
-0.753104
-0.481600
-0.151604
0.196805
0.521311
0.782503
0.948657
0.999595
0.929129
0.745818
0.471926
0.140717
-0.207583
-0.530671
-0.789308
-0.952081
-0.999221
-0.925004
-0.738442
-0.462195
-0.129812
0.218336
0.539967
0.796017
0.955389
0.998727
0.920766
0.730976
0.452407
0.118892
-0.229062
-0.549197
-0.802630
-0.958582
-0.998111
-0.916417
-0.723422
-0.442565
-0.107958
0.239761
0.558361
0.809146
0.961658
0.997375
0.911957
0.715780
0.432670
0.097011
-0.250431
-0.567457
-0.815564
-0.964618
-0.996517
-0.907387
-0.708052
-0.422722
-0.086051
0.261070
0.576484
0.821883
0.967461
0.995539
0.902706
0.700237
0.412723
0.075082
-0.271678
-0.585442
-0.828102
-0.970187
-0.994441
-0.897917
-0.692338
-0.402674
-0.064103
0.282253
0.594328
0.834221
0.972796
0.993222
0.893018
0.684355
0.392576
0.053117
-0.292793
-0.603143
-0.840239
-0.975286
-0.991882
-0.888011
-0.676289
-0.382430
-0.042124
0.303299
0.611885
0.846156
0.977659
0.990423
0.882897
0.668142
0.372238
0.031126
-0.313767
-0.620552
-0.851969
-0.979913
-0.988843
-0.877676
-0.659913
-0.362001
-0.020124
0.324198
0.629144
0.857680
0.982048
0.987144
0.872349
0.651604
0.351721
0.009120
-0.334589
-0.637661
-0.863287
-0.984065
-0.985325
-0.866915
-0.643217
-0.341397
0.001886
0.344939
0.646099
0.868789
0.985962
0.983387
0.861377
0.634751
0.331033
-0.012891
-0.355248
-0.654460
-0.874186
-0.987740
-0.981330
-0.855735
-0.626209
-0.320628
0.023894
0.365514
0.662742
0.879477
0.989398
0.979154
0.849989
0.617591
0.310184
-0.034895
-0.375736
-0.670943
-0.884662
-0.990936
-0.976859
-0.844140
-0.608898
-0.299703
0.045891
0.385912
0.679062
0.889739
0.992355
0.974446
0.838189
0.600131
0.289186
-0.056882
-0.396041
-0.687100
-0.894709
-0.993653
-0.971915
-0.832136
-0.591291
-0.278633
0.067866
0.406123
0.695054
0.899570
0.994831
0.969266
0.825982
0.582380
0.268047
-0.078842
-0.416155
-0.702925
-0.904322
-0.995888
-0.966500
-0.819729
-0.573399
-0.257428
0.089808
0.426137
0.710710
0.908965
0.996825
0.963617
0.813376
0.564348
0.246778
-0.100763
-0.436067
-0.718409
-0.913498
-0.997641
-0.960617
-0.806924
-0.555228
-0.236098
0.111706
0.445944
0.726021
0.917920
0.998336
0.957501
0.800375
0.546042
0.225390
-0.122636
-0.455767
-0.733545
-0.922231
-0.998910
-0.954269
-0.793729
-0.536789
-0.214654
0.133551
0.465536
0.740980
0.926430
0.999363
0.950921
0.786987
0.527471
0.203893
-0.144449
-0.475247
-0.748325
-0.930517
-0.999695
-0.947458
-0.780149
-0.518089
-0.193106
0.155330
0.484901
0.755580
0.934491
0.999906
0.943880
0.773217
0.508645
0.182296
-0.166193
-0.494497
-0.762743
-0.938353
-0.999996
-0.940188
-0.766191
-0.499139
-0.171464
0.177035
0.504032
0.769814
0.942100
0.999965
0.936382
0.759073
0.489572
0.160612
-0.187855
-0.513507
-0.776792
-0.945733
-0.999813
-0.932463
-0.751863
-0.479947
-0.149740
0.198653
0.522919
0.783675
0.949252
0.999540
0.928431
0.744561
0.470263
0.138850
-0.209427
-0.532268
-0.790464
-0.952656
-0.999145
-0.924286
-0.737169
-0.460522
-0.127943
0.220176
0.541553
0.797157
0.955944
0.998630
0.920029
0.729688
0.450725
0.117020
-0.230897
-0.550772
-0.803753
-0.959117
-0.997994
-0.915661
-0.722119
-0.440874
-0.106083
0.241591
0.559924
0.810252
0.962174
0.997236
0.911182
0.714462
0.430969
0.095134
-0.252256
-0.569008
-0.816653
-0.965114
-0.996358
-0.906593
-0.706719
-0.421012
-0.084173
0.262890
0.578024
0.822955
0.967937
0.995360
0.901893
0.698890
0.411004
0.073201
-0.273492
-0.586969
-0.829158
-0.970642
-0.994240
-0.897085
-0.690976
-0.400947
-0.062221
0.284061
0.595844
0.835259
0.973231
0.993001
0.892168
0.682979
0.390841
0.051234
-0.294596
-0.604646
-0.841260
-0.975701
-0.991641
-0.887143
-0.674899
-0.380687
-0.040240
0.305095
0.613375
0.847159
0.978053
0.990161
0.882010
0.666737
0.370488
0.029241
-0.315557
-0.622030
-0.852955
-0.980287
-0.988561
-0.876771
-0.658495
-0.360243
-0.018239
0.325981
0.630609
0.858648
0.982402
0.986841
0.871425
0.650173
0.349955
0.007234
-0.336365
-0.639112
-0.864237
-0.984398
-0.985002
-0.865974
-0.641772
-0.339624
0.003771
0.346709
0.647538
0.869721
0.986275
0.983043
0.860418
0.633293
0.329253
-0.014776
-0.357010
-0.655885
-0.875100
-0.988032
-0.980965
-0.854758
-0.624738
-0.318841
0.025779
0.367269
0.664152
0.880373
0.989670
0.978769
0.848994
0.616106
0.308391
-0.036779
-0.377483
-0.672340
-0.885539
-0.991188
-0.976454
-0.843127
-0.607401
-0.297904
0.047775
0.387651
0.680445
0.890598
0.992586
0.974021
0.837159
0.598621
0.287380
-0.058764
-0.397772
-0.688469
-0.895549
-0.993863
-0.971470
-0.831089
-0.589770
-0.276822
0.069747
0.407845
0.696409
0.900392
0.995020
0.968801
0.824918
0.580846
0.266230
-0.080721
-0.417869
-0.704265
-0.905126
-0.996057
-0.966015
-0.818647
-0.571853
-0.255606
0.091686
0.427842
0.712035
0.909750
0.996973
0.963111
0.812277
0.562790
0.244950
-0.102639
-0.437763
-0.719719
-0.914263
-0.997768
-0.960091
-0.805809
-0.553659
-0.234266
0.113580
0.447631
0.727316
0.918667
0.998443
0.956955
0.799243
0.544461
0.223552
-0.124507
-0.457445
-0.734825
-0.922958
-0.998996
-0.953703
-0.792581
-0.535197
-0.212812
0.135419
0.467203
0.742245
0.927138
0.999429
0.950336
0.785822
0.525868
0.202046
-0.146315
-0.476905
-0.749575
-0.931206
-0.999740
-0.946853
-0.778968
-0.516476
-0.191256
0.157193
0.486550
0.756814
0.935161
0.999930
0.943256
0.772020
0.507021
0.180442
-0.168052
-0.496135
-0.763961
-0.939003
-1.000000
-0.939544
-0.764978
-0.497504
-0.169607
0.178890
0.505660
0.771016
0.942731
0.999948
0.935719
0.757844
0.487927
0.158750
-0.189707
-0.515124
-0.777978
-0.946344
-0.999775
-0.931780
-0.750618
-0.478291
-0.147875
0.200501
0.524526
0.784845
0.949844
0.999481
0.927728
0.743301
0.468598
0.136982
-0.211270
-0.533864
-0.791618
-0.953228
-0.999066
-0.923564
-0.735894
-0.458847
-0.126072
0.222015
0.543137
0.798294
0.956496
0.998529
0.919289
0.728398
0.449041
0.115147
-0.232732
-0.552345
-0.804874
-0.959649
-0.997872
-0.914901
-0.720813
-0.439181
-0.104208
0.243421
0.561485
0.811356
0.962686
0.997094
0.910404
0.713142
0.429267
0.093257
-0.254080
-0.570558
-0.817740
-0.965606
-0.996196
-0.905795
-0.705384
-0.419301
-0.082294
0.264709
0.579562
0.824025
0.968409
0.995176
0.901077
0.697540
0.409285
0.071321
-0.275305
-0.588495
-0.830210
-0.971094
-0.994036
-0.896250
-0.689612
-0.399219
-0.060339
0.285869
0.597357
0.836295
0.973662
0.992776
0.891315
0.681601
0.389104
0.049350
-0.296397
-0.606147
-0.842278
-0.976113
-0.991396
-0.886271
-0.673507
-0.378943
-0.038356
0.306890
0.614863
0.848159
0.978444
0.989895
0.881120
0.665331
0.368736
0.027356
-0.317346
-0.623505
-0.853938
-0.980658
-0.988274
-0.875862
-0.657075
-0.358483
-0.016353
0.327763
0.632071
0.859613
0.982753
0.986534
0.870499
0.648739
0.348188
0.005349
-0.338140
-0.640561
-0.865184
-0.984728
-0.984675
-0.865030
-0.640324
-0.337850
0.005657
0.348477
0.648973
0.870650
0.986585
0.982696
0.859456
0.631833
0.327472
-0.016661
-0.358771
-0.657307
-0.876011
-0.988321
-0.980598
-0.853778
-0.623264
-0.317053
0.027664
0.369022
0.665561
0.881266
0.989939
0.978381
0.847996
0.614620
0.306597
-0.038663
-0.379228
-0.673734
-0.886414
-0.991436
-0.976046
-0.842112
-0.605902
-0.296103
0.049658
0.389388
0.681826
0.891454
0.992813
0.973592
0.836126
0.597110
0.285573
-0.060647
-0.399501
-0.689835
-0.896387
-0.994070
-0.971021
-0.830038
-0.588246
-0.275009
0.071628
0.409566
0.697761
0.901211
0.995207
0.968332
0.823851
0.579310
0.264412
-0.082601
-0.419581
-0.705602
-0.905926
-0.996223
-0.965525
-0.817563
-0.570305
-0.253782
0.093563
0.429545
0.713358
0.910531
0.997118
0.962602
0.811176
0.561230
0.243122
-0.104515
-0.439457
-0.721027
-0.915026
-0.997892
-0.959562
-0.804691
-0.552088
-0.232432
0.115453
0.449316
0.728609
0.919410
0.998546
0.956406
0.798109
0.542878
0.221714
-0.126378
-0.459121
-0.736102
-0.923682
-0.999079
-0.953134
-0.791429
-0.533603
-0.210969
0.137287
0.468870
0.743507
0.927843
0.999491
0.949747
0.784654
0.524263
0.200199
-0.148180
-0.478562
-0.750821
-0.931892
-0.999781
-0.946245
-0.777784
-0.514860
-0.189405
0.159055
0.488196
0.758045
0.935827
0.999951
0.942628
0.770820
0.505394
0.178587
-0.169910
-0.497771
-0.765177
-0.939650
-0.999999
-0.938897
-0.763763
-0.495867
-0.167748
0.180745
0.507286
0.772216
0.943358
0.999927
0.935052
0.756613
0.486281
0.156889
-0.191558
-0.516739
-0.779161
-0.946952
-0.999733
-0.931094
-0.749371
-0.476635
-0.146010
0.202348
0.526130
0.786012
0.950432
0.999418
0.927023
0.742038
0.466931
0.135114
-0.213113
-0.535457
-0.792768
-0.953796
-0.998982
-0.922840
-0.734616
-0.457171
-0.124201
0.223853
0.544719
0.799428
0.957045
0.998425
0.918545
0.727105
0.447356
0.113274
-0.234565
-0.553915
-0.805991
-0.960178
-0.997748
-0.914139
-0.719505
-0.437486
-0.102333
0.245249
0.563045
0.812457
0.963194
0.996949
0.909622
0.711819
0.427563
0.091379
-0.255903
-0.572105
-0.818824
-0.966094
-0.996030
-0.904995
-0.704046
-0.417589
-0.080414
0.266527
0.581097
0.825092
0.968877
0.994990
0.900258
0.696188
0.407564
0.069440
-0.277118
-0.590018
-0.831260
-0.971543
-0.993829
-0.895412
-0.688245
-0.397489
-0.058457
0.287675
0.598868
0.837327
0.974091
0.992548
0.890458
0.680220
0.387367
0.047467
-0.298198
-0.607645
-0.843293
-0.976520
-0.991147
-0.885396
-0.672112
-0.377197
-0.036471
0.308684
0.616349
0.849157
0.978832
0.989626
0.880227
0.663922
0.366982
0.025471
-0.319133
-0.624978
-0.854918
-0.981025
-0.987985
-0.874951
-0.655652
-0.356723
-0.014468
0.329544
0.633531
0.860575
0.983100
0.986224
0.869569
0.647303
0.346420
0.003463
-0.339914
-0.642008
-0.866128
-0.985055
-0.984344
-0.864082
-0.638875
-0.336075
0.007542
0.350243
0.650407
0.871576
0.986891
0.982345
0.858490
0.630370
0.325690
-0.018547
-0.360530
-0.658727
-0.876919
-0.988607
-0.980226
-0.852794
-0.621788
-0.315265
0.029549
0.370774
0.666967
0.882155
0.990204
0.977989
0.846995
0.613132
0.304802
-0.040548
-0.380972
-0.675126
-0.887285
-0.991680
-0.975634
-0.841094
-0.604401
-0.294302
0.051541
0.391124
0.683204
0.892307
0.993037
0.973160
0.835090
0.595596
0.283766
-0.062529
-0.401229
-0.691199
-0.897221
-0.994273
-0.970568
-0.828985
-0.586720
-0.273196
0.073509
0.411285
0.699110
0.902026
0.995389
0.967859
0.822780
0.577773
0.262593
-0.084480
-0.421292
-0.706937
-0.906723
-0.996384
-0.965033
-0.816476
-0.568755
-0.251958
0.095440
0.431247
0.714678
0.911309
0.997259
0.962090
0.810072
0.559669
0.241292
-0.106390
-0.441150
-0.722332
-0.915785
-0.998013
-0.959030
-0.803570
-0.550515
-0.230598
0.117326
0.451000
0.729899
0.920150
0.998646
0.955854
0.796971
0.541294
0.219875
-0.128248
-0.460795
-0.737377
-0.924403
-0.999158
-0.952562
-0.790275
-0.532008
-0.209126
0.139155
0.470534
0.744767
0.928545
0.999549
0.949155
0.783484
0.522657
0.198351
-0.150044
-0.480217
-0.752066
-0.932574
-0.999819
-0.945633
-0.776598
-0.513243
-0.187553
0.160916
0.489841
0.759273
0.936490
0.999968
0.941997
0.769618
0.503766
0.176732
-0.171768
-0.499406
-0.766389
-0.940293
-0.999996
-0.938246
-0.762544
-0.494229
-0.165889
0.182599
0.508910
0.773412
0.943982
0.999902
0.934382
0.755378
0.484632
0.155026
-0.193408
-0.518353
-0.780342
-0.947556
-0.999688
-0.930404
-0.748121
-0.474976
-0.144144
0.204194
0.527733
0.787177
0.951016
0.999352
0.926314
0.740773
0.465263
0.133245
-0.214955
-0.537049
-0.793916
-0.954361
-0.998896
-0.922112
-0.733335
-0.455493
-0.122330
0.225690
0.546300
0.800560
0.957590
0.998318
0.917798
0.725809
0.445668
0.111400
-0.236398
-0.555484
-0.807106
-0.960703
-0.997619
-0.913373
-0.718194
-0.435790
-0.100457
0.247077
0.564602
0.813555
0.963699
0.996800
0.908837
0.710493
0.425858
0.089501
-0.257726
-0.573651
-0.819905
-0.966579
-0.995860
-0.904191
-0.702706
-0.415875
-0.078535
0.268343
0.582631
0.826156
0.969342
0.994799
0.899436
0.694833
0.405841
0.067559
-0.278929
-0.591540
-0.832307
-0.971988
-0.993618
-0.894571
-0.686876
-0.395758
-0.056575
0.289480
0.600377
0.838356
0.974515
0.992317
0.889599
0.678836
0.385628
0.045584
-0.299997
-0.609142
-0.844305
-0.976925
-0.990895
-0.884518
-0.670714
-0.375450
-0.034587
0.310477
0.617833
0.850151
0.979216
0.989353
0.879331
0.662511
0.365227
0.023586
-0.320920
-0.626449
-0.855894
-0.981389
-0.987692
-0.874036
-0.654227
-0.354960
-0.012583
0.331323
0.634989
0.861534
0.983443
0.985910
0.868637
0.645864
0.344650
0.001578
-0.341687
-0.643452
-0.867069
-0.985378
-0.984010
-0.863131
-0.637423
-0.334299
0.009428
0.352009
0.651838
0.872499
0.987193
0.981990
0.857522
0.628905
0.323906
-0.020432
-0.362288
-0.660144
-0.877824
-0.988889
-0.979851
-0.851808
-0.620311
-0.313475
0.031434
0.372524
0.668371
0.883042
0.990465
0.977594
0.845991
0.611641
0.303005
-0.042431
-0.382715
-0.676516
-0.888153
-0.991921
-0.975218
-0.840072
-0.602897
-0.292499
0.053424
0.392859
0.684580
0.893157
0.993257
0.972724
0.834051
0.594081
0.281957
-0.064410
-0.402955
-0.692560
-0.898052
-0.994473
-0.970113
-0.827929
-0.585192
-0.271382
0.075389
0.413003
0.700457
0.902839
0.995568
0.967383
0.821707
0.576232
0.260773
-0.086358
-0.423001
-0.708269
-0.907516
-0.996543
-0.964537
-0.815385
-0.567203
-0.250133
0.097317
0.432948
0.715995
0.912084
0.997397
0.961574
0.808965
0.558105
0.239462
-0.108264
-0.442842
-0.723635
-0.916541
-0.998130
-0.958494
-0.802446
-0.548940
-0.228763
0.119198
0.452682
0.731187
0.920886
0.998742
0.955298
0.795831
0.539707
0.218035
-0.130118
-0.462468
-0.738650
-0.925121
-0.999234
-0.951987
-0.789119
-0.530410
-0.207282
0.141022
0.472197
0.746024
0.929243
0.999604
0.948560
0.782311
0.521048
0.196503
-0.151908
-0.481870
-0.753307
-0.933253
-0.999853
-0.945018
-0.775409
-0.511624
-0.185700
0.162777
0.491484
0.760499
0.937150
0.999981
0.941362
0.768412
0.502137
0.174875
-0.173625
-0.501038
-0.767599
-0.940933
-0.999988
-0.937592
-0.761323
-0.492589
-0.164029
0.184453
0.510532
0.774606
0.944602
0.999874
0.933708
0.754141
0.482982
0.153163
-0.195258
-0.519964
-0.781520
-0.948157
-0.999639
-0.929712
-0.746868
-0.473316
-0.142278
0.206039
0.529333
0.788338
0.951597
0.999282
0.925602
0.739505
0.463593
0.131376
-0.216796
-0.538638
-0.795061
-0.954922
-0.998805
-0.921381
-0.732052
-0.453814
-0.120459
0.227526
0.547878
0.801688
0.958131
0.998207
0.917048
0.724510
0.443980
0.109526
-0.238229
-0.557051
-0.808218
-0.961224
-0.997488
-0.912603
-0.716881
-0.434092
-0.098581
0.248903
0.566157
0.814650
0.964201
0.996648
0.908049
0.709165
0.424151
0.087623
-0.259547
-0.575194
-0.820983
-0.967061
-0.995687
-0.903384
-0.701363
-0.414159
-0.076655
0.270159
0.584162
0.827217
0.969804
0.994605
0.898610
0.693476
0.404117
0.065677
-0.280739
-0.593059
-0.833350
-0.972429
-0.993404
-0.893727
-0.685505
-0.394026
-0.054692
0.291285
0.601884
0.839383
0.974937
0.992082
0.888736
0.677451
0.383887
0.043700
-0.301795
-0.610636
-0.845314
-0.977326
-0.990639
-0.883637
-0.669314
-0.373702
-0.032703
0.312269
0.619314
0.851142
0.979597
0.989077
0.878431
0.661097
0.363472
0.021701
-0.322705
-0.627917
-0.856868
-0.981749
-0.987395
-0.873119
-0.652800
-0.353197
-0.010697
0.333102
0.636445
0.862490
0.983783
0.985593
0.867701
0.644424
0.342880
-0.000308
-0.343458
-0.644895
-0.868007
-0.985697
-0.983672
-0.862178
-0.635969
-0.332521
0.011313
0.353773
0.653267
0.873419
0.987492
0.981632
0.856550
0.627438
0.322122
-0.022317
-0.364045
-0.661559
-0.878725
-0.989168
-0.979473
-0.850819
-0.618831
-0.311684
0.033318
0.374273
0.669772
0.883925
0.990723
0.977195
0.844985
0.610148
0.301208
-0.044315
-0.384456
-0.677904
-0.889018
-0.992159
-0.974799
-0.839048
-0.601392
-0.290695
0.055307
0.394592
0.685953
0.894003
0.993474
0.972285
0.833010
0.592563
0.280148
-0.066292
-0.404680
-0.693919
-0.898880
-0.994669
-0.969653
-0.826870
-0.583662
-0.269566
0.077269
0.414720
0.701802
0.903648
0.995744
0.966904
0.820631
0.574690
0.258952
-0.088237
-0.424709
-0.709599
-0.908306
-0.996698
-0.964038
-0.814292
-0.565649
-0.248307
0.099194
0.434646
0.717310
0.912855
0.997531
0.961054
0.807855
0.556540
0.237631
-0.110139
-0.444531
-0.724935
-0.917293
-0.998244
-0.957955
-0.801320
-0.547363
-0.226927
0.121070
0.454363
0.732472
0.921620
0.998835
0.954739
0.794688
0.538119
0.216195
-0.131987
-0.464139
-0.739920
-0.925835
-0.999306
-0.951408
-0.787959
-0.528811
-0.205437
0.142888
0.473859
0.747278
0.929938
0.999655
0.947961
0.781135
0.519438
0.194654
-0.153772
-0.483521
-0.754546
-0.933929
-0.999884
-0.944400
-0.774217
-0.510002
-0.183847
0.164637
0.493125
0.761722
0.937806
0.999991
0.940724
0.767204
0.500505
0.173018
-0.175482
-0.502669
-0.768806
-0.941570
-0.999977
-0.936935
-0.760099
-0.490947
-0.162169
0.186306
0.512153
0.775797
0.945220
0.999842
0.933032
0.752902
0.481330
0.151299
-0.197107
-0.521574
-0.782695
-0.948755
-0.999586
-0.929015
-0.745613
-0.471654
-0.140412
0.207884
0.530932
0.789497
0.952175
0.999209
0.924887
0.738234
0.461921
0.129507
-0.218636
-0.540226
-0.796204
-0.955480
-0.998711
-0.920646
-0.730766
-0.452133
-0.118587
0.229362
0.549454
0.802814
0.958669
0.998092
0.916294
0.723209
0.442289
0.107652
-0.240060
-0.558616
-0.809327
-0.961743
-0.997352
-0.911831
-0.715565
-0.432392
-0.096704
0.250729
0.567710
0.815742
0.964699
0.996492
0.907257
0.707834
0.422443
0.085745
-0.261367
-0.576736
-0.822058
-0.967539
-0.995510
-0.902574
-0.700017
-0.412442
-0.074775
0.271974
0.585691
0.828275
0.970262
0.994408
0.897781
0.692116
0.402392
0.063796
-0.282548
-0.594576
-0.834391
-0.972867
-0.993186
-0.892879
-0.684131
-0.392292
-0.052809
0.293088
0.603389
0.840406
0.975354
0.991843
0.887870
0.676062
0.382145
0.041816
-0.303592
-0.612128
-0.846320
-0.977723
-0.990380
-0.882753
-0.667912
-0.371952
-0.030818
0.314060
0.620794
0.852131
0.979974
0.988797
0.877528
0.659681
0.361714
0.019816
-0.324489
-0.629384
-0.857838
-0.982106
-0.987095
-0.872198
-0.651370
-0.351432
-0.008812
0.334879
0.637898
0.863442
0.984119
0.985273
0.866762
0.642981
0.341108
-0.002194
-0.345228
-0.646335
-0.868942
-0.986013
-0.983331
-0.861221
-0.634513
-0.330742
0.013199
0.355536
0.654693
0.874336
0.987788
0.981271
0.855576
0.625969
0.320336
-0.024202
-0.365801
-0.662972
-0.879624
-0.989443
-0.979091
-0.849827
-0.617348
-0.309891
0.035203
0.376021
0.671171
0.884805
0.990978
0.976793
0.843975
0.608653
0.299409
-0.046199
-0.386196
-0.679289
-0.889880
-0.992393
-0.974377
-0.838021
-0.599884
-0.288891
0.057190
0.396324
0.687324
0.894846
0.993687
0.971843
0.831965
0.591043
0.278337
-0.068173
-0.406404
-0.695276
-0.899705
-0.994862
-0.969191
-0.825809
-0.582130
-0.267750
0.079149
0.416435
0.703144
0.904454
0.995916
0.966421
0.819552
0.573146
0.257130
-0.090115
-0.426415
-0.710926
-0.909094
-0.996849
-0.963535
-0.813196
-0.564093
-0.246480
0.101070
0.436344
0.718623
0.913623
0.997662
0.960532
0.806742
0.554972
0.235799
-0.112012
-0.446220
-0.726232
-0.918042
-0.998353
-0.957412
-0.800190
-0.545784
-0.225090
0.122942
0.456041
0.733754
0.922350
0.998924
0.954177
0.793542
0.536529
0.214353
-0.133856
-0.465808
-0.741187
-0.926546
-0.999374
-0.950826
-0.786797
-0.527209
-0.203591
0.144754
0.475518
0.748530
0.930630
0.999703
0.947359
0.779956
0.517826
0.192804
-0.155635
-0.485171
-0.755782
-0.934601
-0.999911
-0.943778
-0.773022
-0.508380
-0.181994
0.166496
0.494765
0.762942
0.938459
0.999997
0.940083
0.765993
0.498872
0.171161
-0.177338
-0.504298
-0.770011
-0.942203
-0.999963
-0.936274
-0.758872
-0.489304
-0.160308
0.188158
0.513771
0.776986
0.945833
0.999807
0.932352
0.751659
0.479676
0.149435
-0.198955
-0.523182
-0.783867
-0.949349
-0.999530
-0.928316
-0.744355
-0.469991
-0.138545
0.209728
0.532529
0.790653
0.952750
0.999133
0.924168
0.736961
0.460248
0.127637
-0.220476
-0.541812
-0.797343
-0.956035
-0.998614
-0.919908
-0.729478
-0.450450
-0.116714
0.231197
0.551029
0.803937
0.959204
0.997974
0.915537
0.721906
0.440597
0.105777
-0.241890
-0.560179
-0.810433
-0.962257
-0.997213
-0.911055
-0.714247
-0.430691
-0.094827
0.252554
0.569262
0.816831
0.965194
0.996332
0.906463
0.706501
0.420733
0.083866
-0.263187
-0.578275
-0.823130
-0.968014
-0.995330
-0.901760
-0.698670
-0.410724
-0.072894
0.273788
0.587219
0.829330
0.970717
0.994207
0.896949
0.690754
0.400665
0.061914
-0.284356
-0.596091
-0.835429
-0.973301
-0.992964
-0.892029
-0.682754
-0.390557
-0.050926
0.294890
0.604891
0.841427
0.975769
0.991601
0.887001
0.674672
0.380402
0.039932
-0.305388
-0.613618
-0.847323
-0.978117
-0.990117
-0.881865
-0.666508
-0.370201
-0.028933
0.315849
0.622271
0.853116
0.980348
0.988514
0.876623
0.658263
0.359956
0.017931
-0.326272
-0.630848
-0.858806
-0.982460
-0.986791
-0.871274
-0.649939
-0.349666
-0.006926
0.336655
0.639349
0.864392
0.984452
0.984948
0.865820
0.641535
0.339335
-0.004079
-0.346998
-0.647772
-0.869873
-0.986326
-0.982987
-0.860261
-0.633055
-0.328962
0.015084
0.357298
0.656117
0.875249
0.988080
0.980906
0.854598
0.624497
0.318549
-0.026087
-0.367555
-0.664383
-0.880519
-0.989714
-0.978706
-0.848831
-0.615864
-0.308098
0.037087
0.377768
0.672568
0.885682
0.991229
0.976388
0.842962
0.607156
0.297610
-0.048082
-0.387935
-0.680671
-0.890738
-0.992623
-0.973951
-0.836990
-0.598375
-0.287085
0.059072
0.398054
0.688692
0.895686
0.993897
0.971397
0.830917
0.589521
0.276526
-0.070054
-0.408126
-0.696630
-0.900526
-0.995051
-0.968724
-0.824744
-0.580596
-0.265933
0.081028
0.418148
0.704483
0.905257
0.996084
0.965935
0.818470
0.571600
0.255308
-0.091992
-0.428120
-0.712251
-0.909878
-0.996997
-0.963028
-0.812098
-0.562535
-0.244652
0.102945
0.438040
0.719933
0.914388
0.997789
0.960005
0.805627
0.553402
0.233966
-0.113886
-0.447906
-0.727527
-0.918788
-0.998460
-0.956866
-0.799058
-0.544203
-0.223252
0.124813
0.457719
0.735034
0.923077
0.999010
0.953611
0.792393
0.534937
0.212511
-0.135724
-0.467476
-0.742451
-0.927254
-0.999439
-0.950240
-0.785631
-0.525606
-0.201745
0.146619
0.477176
0.749779
0.931318
0.999747
0.946754
0.778775
0.516212
0.190953
-0.157497
-0.486819
-0.757015
-0.935270
-0.999934
-0.943153
-0.771824
-0.506755
-0.180139
0.168355
0.496402
0.764160
0.939109
1.000000
0.939439
0.764780
0.497237
0.169303
-0.179193
-0.505926
-0.771212
-0.942833
-0.999945
-0.935610
-0.757643
-0.487658
-0.158446
0.190009
0.515388
0.778171
0.946444
0.999768
0.931668
0.750414
0.478021
0.147571
-0.200803
-0.524788
-0.785036
-0.949940
-0.999471
-0.927613
-0.743095
-0.468326
-0.136677
0.211572
0.534124
0.791806
0.953321
0.999052
0.923446
0.735685
0.458574
0.125767
-0.222315
-0.543396
-0.798480
-0.956586
-0.998513
-0.919167
-0.728187
-0.448766
-0.114841
0.233031
0.552601
0.805057
0.959736
0.997852
0.914777
0.720600
0.438904
0.103902
-0.243719
-0.561740
-0.811536
-0.962769
-0.997071
-0.910276
-0.712926
-0.428989
-0.092950
0.254378
0.570811
0.817917
0.965686
0.996169
0.905665
0.705165
0.419022
0.081987
-0.265006
-0.579812
-0.824199
-0.968485
-0.995146
-0.900944
-0.697319
-0.409004
-0.071014
0.275601
0.588744
0.830382
0.971168
0.994003
0.896114
0.689389
0.398936
0.060032
-0.286164
-0.597604
-0.836464
-0.973733
-0.992739
-0.891175
-0.681375
-0.388821
-0.049043
0.296691
0.606392
0.842444
0.976179
0.991355
0.886128
0.673279
0.378658
0.038048
-0.307183
-0.615106
-0.848322
-0.978508
-0.989851
-0.880974
-0.665101
-0.368449
-0.027048
0.317638
0.623746
0.854098
0.980718
0.988227
0.875714
0.656842
0.358196
0.016045
-0.328054
-0.632310
-0.859770
-0.982810
-0.986484
-0.870347
-0.648504
-0.347899
-0.005041
0.338430
0.640797
0.865338
0.984782
0.984621
0.864875
0.640088
0.337560
-0.005965
-0.348765
-0.649208
-0.870802
-0.986635
-0.982638
-0.859298
-0.631594
-0.327181
0.016969
0.359058
0.657539
0.876160
0.988368
0.980537
0.853617
0.623023
0.316761
-0.027972
-0.369308
-0.665791
-0.881411
-0.989982
-0.978317
-0.847833
-0.614377
-0.306304
0.038971
0.379513
0.673962
0.886556
0.991476
0.975979
0.841946
0.605657
0.295809
-0.049966
-0.389672
-0.682051
-0.891594
-0.992850
-0.973522
-0.835957
-0.596863
-0.285278
0.060954
0.399783
0.690058
0.896523
0.994103
0.970947
0.829867
0.587997
0.274713
-0.071935
-0.409847
-0.697981
-0.901344
-0.995237
-0.968255
-0.823676
-0.579059
-0.264115
0.082908
0.419860
0.705820
0.906056
0.996249
0.965445
0.817385
0.570052
0.253484
-0.093870
-0.429823
-0.713573
-0.910658
-0.997141
-0.962519
-0.810996
-0.560975
-0.242823
0.104821
0.439734
0.721240
0.915150
0.997912
0.959476
0.804508
0.551831
0.232133
-0.115759
-0.449591
-0.728820
-0.919531
-0.998563
-0.956316
-0.797923
-0.542620
-0.221414
0.126683
0.459394
0.736311
0.923800
0.999092
0.953041
0.791241
0.533343
0.210668
-0.137592
-0.469142
-0.743713
-0.927958
-0.999500
-0.949651
-0.784463
-0.524001
-0.199897
0.148484
0.478832
0.751025
0.932003
0.999788
0.946145
0.777591
0.514596
0.189102
-0.159359
-0.488465
-0.758246
-0.935936
-0.999954
-0.942525
-0.770624
-0.505129
-0.178284
0.170214
0.498038
0.765375
0.939755
0.999999
0.938791
0.763564
0.495600
0.167444
-0.181048
-0.507551
-0.772411
-0.943460
-0.999923
-0.934943
-0.756411
-0.486011
-0.156584
0.191860
0.517003
0.779354
0.947051
0.999726
0.930981
0.749167
0.476364
0.145705
-0.202649
-0.526392
-0.786203
-0.950527
-0.999408
-0.926907
-0.741832
-0.466659
-0.134809
0.213414
0.535717
0.792956
0.953888
0.998968
0.922721
0.734407
0.456897
0.123896
-0.224153
-0.544978
-0.799613
-0.957134
-0.998408
-0.918423
-0.726893
-0.447080
-0.112968
0.234864
0.554172
0.806174
0.960264
0.997727
0.914014
0.719291
0.437209
0.102026
-0.245548
-0.563299
-0.812636
-0.963277
-0.996925
-0.909494
-0.711602
-0.427285
-0.091072
0.256201
0.572358
0.819001
0.966174
0.996002
0.904864
0.703827
0.417309
0.080107
-0.266823
-0.581348
-0.825266
-0.968953
-0.994959
-0.900124
-0.695967
-0.407282
-0.069133
0.277413
0.590267
0.831431
0.971616
0.993795
0.895275
0.688022
0.397207
0.058150
-0.287970
-0.599115
-0.837495
-0.974160
-0.992511
-0.890318
-0.679994
-0.387083
-0.047159
0.298492
0.607890
0.843458
0.976587
0.991106
0.885253
0.671883
0.376912
0.036164
-0.308977
-0.616591
-0.849319
-0.978895
-0.989582
-0.880081
-0.663692
-0.366696
-0.025163
0.319425
0.625218
0.855077
0.981085
0.987937
0.874802
0.655420
0.356435
0.014160
-0.329834
-0.633770
-0.860732
-0.983156
-0.986173
-0.869417
-0.647068
-0.346131
-0.003155
0.340204
0.642244
0.866282
0.985108
0.984290
0.863927
0.638638
0.335785
-0.007850
-0.350532
-0.650641
-0.871727
-0.986940
-0.982287
-0.858332
-0.630131
-0.325398
0.018855
0.360818
0.658958
0.877067
0.988653
0.980165
0.852634
0.621547
0.314972
-0.029857
-0.371060
-0.667196
-0.882300
-0.990247
-0.977925
-0.846832
-0.612888
-0.304508
0.040855
0.381257
0.675354
0.887427
0.991720
0.975566
0.840927
0.604155
0.294007
-0.051849
-0.391408
-0.683429
-0.892446
-0.993073
-0.973089
-0.834921
-0.595349
-0.283471
0.062836
0.401511
0.691422
0.897357
0.994306
0.970494
0.828813
0.586471
0.272900
-0.073816
-0.411566
-0.699330
-0.902159
-0.995419
-0.967782
-0.822605
-0.577521
-0.262296
0.084786
0.421571
0.707155
0.906852
0.996411
0.964952
0.816298
0.568502
0.251660
-0.095747
-0.431525
-0.714893
-0.911436
-0.997282
-0.962006
-0.809891
-0.559414
-0.240993
0.106696
0.441427
0.722545
0.915908
0.998032
0.958943
0.803387
0.550258
0.230298
-0.117632
-0.451275
-0.730109
-0.920270
-0.998662
-0.955763
-0.796785
-0.541035
-0.219575
0.128553
0.461068
0.737585
0.924521
0.999171
0.952469
0.790087
0.531747
0.208825
-0.139460
-0.470806
-0.744972
-0.928659
-0.999558
-0.949058
-0.783293
-0.522394
-0.198050
0.150349
0.480487
0.752268
0.932685
0.999825
0.945533
0.776404
0.512978
0.187250
-0.161220
-0.490109
-0.759474
-0.936598
-0.999970
-0.941893
-0.769421
-0.503500
-0.176428
0.172071
0.499672
0.766587
0.940398
0.999995
0.938139
0.762345
0.493961
0.165585
-0.182902
-0.509175
-0.773608
-0.944083
-0.999898
-0.934272
-0.755176
-0.484363
-0.154722
0.193710
0.518616
0.780534
0.947655
0.999680
0.930291
0.747917
0.474705
0.143840
-0.204496
-0.527994
-0.787367
-0.951111
-0.999341
-0.926198
-0.740566
-0.464990
-0.132940
0.215256
0.537308
0.794103
0.954453
0.998881
0.921993
0.733126
0.455219
0.122025
-0.225990
-0.546558
-0.800744
-0.957678
-0.998300
-0.917675
-0.725597
-0.445393
-0.111094
0.236697
0.555740
0.807288
0.960788
0.997598
0.913247
0.717980
0.435512
0.100150
-0.247375
-0.564856
-0.813734
-0.963782
-0.996775
-0.908708
-0.710276
-0.425579
-0.089194
0.258023
0.573903
0.820081
0.966658
0.995832
0.904059
0.702486
0.415595
0.078228
-0.268640
-0.582881
-0.826329
-0.969418
-0.994768
-0.899301
-0.694611
-0.405560
-0.067251
0.279225
0.591788
0.832477
0.972060
0.993583
0.894434
0.686652
0.395475
0.056267
-0.289775
-0.600623
-0.838524
-0.974584
-0.992278
-0.889458
-0.678610
-0.385344
-0.045276
0.300291
0.609386
0.844470
0.976991
0.990853
0.884374
0.670486
0.375165
0.034279
-0.310770
-0.618075
-0.850313
-0.979279
-0.989308
-0.879184
-0.662280
-0.364941
-0.023278
0.321211
0.626689
0.856053
0.981448
0.987643
0.873887
0.653994
0.354672
0.012275
-0.331614
-0.635227
-0.861690
-0.983499
-0.985859
-0.868484
-0.645629
-0.344361
-0.001270
0.341976
0.643688
0.867222
0.985430
0.983955
0.862976
0.637186
0.334008
-0.009736
-0.352297
-0.652071
-0.872650
-0.987242
-0.981932
-0.857363
-0.628666
-0.323615
0.020740
0.362576
0.660375
0.877971
0.988935
0.979790
0.851647
0.620069
0.313182
-0.031741
-0.372810
-0.668600
-0.883186
-0.990508
-0.977529
-0.845827
-0.611397
-0.302712
0.042739
0.382999
0.676743
0.888294
0.991960
0.975150
0.839905
0.602652
0.292204
-0.053732
-0.393142
-0.684804
-0.893295
-0.993293
-0.972653
-0.833881
-0.593833
-0.281662
0.064718
0.403237
0.692783
0.898188
0.994505
0.970038
0.827757
0.584942
0.271085
-0.075696
-0.413284
-0.700677
-0.902971
-0.995597
-0.967305
-0.821532
-0.575981
-0.260476
0.086665
0.423280
0.708487
0.907645
0.996568
0.964456
0.815207
0.566949
0.249834
-0.097624
-0.433225
-0.716210
-0.912210
-0.997419
-0.961489
-0.808784
-0.557850
-0.239163
0.108570
0.443118
0.723847
0.916664
0.998149
0.958406
0.802263
0.548682
0.228463
-0.119504
-0.452957
-0.731397
-0.921006
-0.998758
-0.955207
-0.795644
-0.539448
-0.217735
0.130423
0.462741
0.738857
0.925238
0.999246
0.951892
0.788929
0.530149
0.206980
-0.141326
-0.472469
-0.746229
-0.929357
-0.999612
-0.948462
-0.782119
-0.520785
-0.196201
0.152213
0.482140
0.753509
0.933364
0.999858
0.944918
0.775214
0.511359
0.185398
-0.163080
-0.491752
-0.760699
-0.937257
-0.999983
-0.941258
-0.768215
-0.501870
-0.174572
0.173928
0.501305
0.767797
0.941037
0.999987
0.937485
0.761123
0.492321
0.163725
-0.184755
-0.510797
-0.774801
-0.944703
-0.999869
-0.933598
-0.753939
-0.482712
-0.152859
0.195560
0.520227
0.781712
0.948255
0.999630
0.929598
0.746664
0.473045
0.141973
-0.206341
-0.529595
-0.788528
-0.951692
-0.999271
-0.925486
-0.739298
-0.463320
-0.131071
0.217097
0.538898
0.795248
0.955014
0.998790
0.921261
0.731842
0.453539
0.120153
-0.227826
-0.548136
-0.801872
-0.958219
-0.998188
-0.916925
-0.724298
-0.443704
-0.109220
0.238528
0.557307
0.808399
0.961309
0.997466
0.912477
0.716666
0.433814
0.098274
-0.249201
-0.566411
-0.814828
-0.964283
-0.996622
-0.907920
-0.708948
-0.423872
-0.087316
0.259844
0.575446
0.821159
0.967139
0.995658
0.903252
0.701143
0.413879
0.076348
-0.270456
-0.584412
-0.827390
-0.969879
-0.994573
-0.898475
-0.693254
-0.403835
-0.065370
0.281035
0.593307
0.833520
0.972501
0.993368
0.893589
0.685280
0.393743
0.054384
-0.291579
-0.602130
-0.839550
-0.975005
-0.992043
-0.888594
-0.677224
-0.383603
-0.043392
0.302089
0.610880
0.845478
0.977391
0.990597
0.883493
0.669086
0.373416
0.032395
-0.312561
-0.619556
-0.851304
-0.979659
-0.989032
-0.878284
-0.660866
-0.363185
-0.021393
0.322996
0.628157
0.857027
0.981808
0.987346
0.872969
0.652567
0.352909
0.010389
-0.333392
-0.636682
-0.862645
-0.983838
-0.985541
-0.867548
-0.644188
-0.342590
0.000616
0.343747
0.645130
0.868160
0.985749
0.983617
0.862022
0.635732
0.332230
-0.011621
-0.354061
-0.653500
-0.873569
-0.987541
-0.981573
-0.856391
-0.627198
-0.321830
0.022625
0.364332
0.661790
0.878872
0.989213
0.979411
0.850657
0.618589
0.311391
-0.033626
-0.374559
-0.670001
-0.884069
-0.990765
-0.977130
-0.844820
-0.609904
-0.300914
0.044623
0.384740
0.678130
0.889159
0.992197
0.974731
0.838880
0.601146
0.290401
-0.055614
-0.394875
-0.686177
-0.894141
-0.993509
-0.972213
-0.832839
-0.592315
-0.279852
0.066599
0.404962
0.694141
0.899015
0.994701
0.969578
0.826697
0.583412
0.269270
-0.077576
-0.415000
-0.702021
-0.903780
-0.995772
-0.966825
-0.820455
-0.574438
-0.258655
0.088543
0.424988
0.709816
0.908435
0.996723
0.963956
0.814114
0.565395
0.248008
-0.099500
-0.434924
-0.717525
-0.912981
-0.997553
-0.960969
-0.807673
-0.556284
-0.237332
0.110445
0.444807
0.725147
0.917416
0.998262
0.957866
0.801136
0.547105
0.226627
-0.121376
-0.454637
-0.732681
-0.921739
-0.998850
-0.954647
-0.794501
-0.537860
-0.215894
0.132292
0.464412
0.740127
0.925951
0.999317
0.951313
0.787769
0.528549
0.205135
-0.143193
-0.474130
-0.747482
-0.930051
-0.999663
-0.947863
-0.780943
-0.519175
-0.194352
0.154076
0.483791
0.754748
0.934039
0.999888
0.944299
0.774022
0.509738
0.183545
-0.164940
-0.493393
-0.761922
-0.937913
-0.999992
-0.940620
-0.767007
-0.500239
-0.172715
0.175785
0.502936
0.769003
0.941674
0.999975
0.936827
0.759899
0.490679
0.161865
-0.186608
-0.512417
-0.775992
-0.945320
-0.999837
-0.932921
-0.752699
-0.481060
-0.150995
0.197409
0.521837
0.782886
0.948852
0.999577
0.928901
0.745408
0.471383
0.140107
-0.208185
-0.531193
-0.789686
-0.952269
-0.999197
-0.924770
-0.738027
-0.461648
-0.129202
0.218937
0.540485
0.796390
0.955571
0.998696
0.920526
0.730556
0.451858
0.118281
-0.229662
-0.549712
-0.802997
-0.958757
-0.998073
-0.916171
-0.722997
-0.442013
-0.107346
0.240359
0.558872
0.809508
0.961827
0.997330
0.911704
0.715350
0.432114
0.096398
-0.251027
-0.567964
-0.815920
-0.964780
-0.996466
-0.907128
-0.707617
-0.422164
-0.085438
0.261665
0.576987
0.822233
0.967617
0.995481
0.902441
0.699797
0.412162
0.074468
-0.272271
-0.585941
-0.828447
-0.970336
-0.994376
-0.897645
-0.691894
-0.402110
-0.063488
0.282844
0.594824
0.834561
0.972938
0.993150
0.892741
0.683906
0.392009
0.052502
-0.293382
-0.603634
-0.840573
-0.975422
-0.991804
-0.887728
-0.675835
-0.381861
-0.041508
0.303886
0.612372
0.846484
0.977788
0.990337
0.882608
0.667683
0.371666
0.030510
-0.314352
-0.621035
-0.852292
-0.980035
-0.988751
-0.877381
-0.659450
-0.361427
-0.019508
0.324780
0.629623
0.857997
0.982164
0.987045
0.872047
0.651137
0.351144
0.008504
-0.335169
-0.638135
-0.863598
-0.984174
-0.985220
-0.866608
-0.642745
-0.340818
0.002502
0.345518
0.646570
0.869094
0.986065
0.983275
0.861064
0.634275
0.330451
-0.013507
-0.355824
-0.654926
-0.874485
-0.987836
-0.981211
-0.855416
-0.625728
-0.320044
0.024510
0.366087
0.663203
0.879770
0.989487
0.979029
0.849664
0.617106
0.309599
-0.035510
-0.376307
-0.671399
-0.884949
-0.991019
-0.976727
-0.843809
-0.608409
-0.299115
0.046507
0.386480
0.679515
0.890020
0.992431
0.974308
0.837852
0.599638
0.288596
-0.057497
-0.396607
-0.687547
-0.894984
-0.993722
-0.971770
-0.831794
-0.590794
-0.278041
0.068481
0.406685
0.695497
0.899839
0.994893
0.969115
0.825635
0.581879
0.267453
-0.079456
-0.416715
-0.703363
-0.904585
-0.995944
-0.966342
-0.819376
-0.572894
-0.256833
0.090421
0.426694
0.711143
0.909222
0.996874
0.963452
0.813017
0.563839
0.246181
-0.101376
-0.436621
-0.718837
-0.913748
-0.997683
-0.960446
-0.806560
-0.554716
-0.235500
0.112318
0.446495
0.726444
0.918164
0.998371
0.957323
0.800006
0.545525
0.224790
-0.123247
-0.456316
-0.733963
-0.922469
-0.998938
-0.954084
-0.793354
-0.536269
-0.214053
0.134161
0.466081
0.741393
0.926662
0.999385
0.950730
0.786607
0.526948
0.203289
-0.145059
-0.475789
-0.748734
-0.930743
-0.999710
-0.947261
-0.779764
-0.517562
-0.192502
0.155939
0.485440
0.755983
0.934711
0.999915
0.943677
0.772826
0.508114
0.181691
-0.166800
-0.495032
-0.763142
-0.938565
-0.999998
-0.939978
-0.765795
-0.498605
-0.170858
0.177641
0.504564
0.770207
0.942306
0.999960
0.936166
0.758672
0.489035
0.160004
-0.188460
-0.514035
-0.777180
-0.945933
-0.999801
-0.932240
-0.751456
-0.479406
-0.149131
0.199257
0.523444
0.784058
0.949446
0.999521
0.928202
0.744150
0.469719
0.138240
-0.210029
-0.532790
-0.790841
-0.952843
-0.999120
-0.924051
-0.736753
-0.459975
-0.127332
0.220776
0.542071
0.797529
0.956125
0.998597
0.919788
0.729267
0.450175
0.116408
-0.231497
-0.551286
-0.804120
-0.959291
-0.997954
-0.915413
-0.721693
-0.440321
-0.105471
0.242189
0.560434
0.810613
0.962341
0.997190
0.910928
0.714031
0.430413
0.094521
-0.252852
-0.569515
-0.817009
-0.965275
-0.996306
-0.906332
-0.706283
-0.420454
-0.083559
0.263484
0.578526
0.823305
0.968091
0.995300
0.901627
0.698449
0.410443
0.072587
-0.274085
-0.587468
-0.829502
-0.970790
-0.994174
-0.896813
-0.690531
-0.400382
-0.061607
0.284652
0.596338
0.835598
0.973372
0.992928
0.891890
0.682529
0.390274
0.050618
-0.295184
-0.605136
-0.841593
-0.975836
-0.991561
-0.886858
-0.674444
-0.380118
-0.039624
0.305681
0.613861
0.847486
0.978182
0.990074
0.881720
0.666278
0.369915
0.028625
-0.316141
-0.622512
-0.853277
-0.980409
-0.988468
-0.876474
-0.658031
-0.359668
-0.017623
0.326563
0.631087
0.858964
0.982517
0.986741
0.871123
0.649705
0.349378
0.006618
-0.336945
-0.639586
-0.864547
-0.984506
-0.984895
-0.865666
-0.641299
-0.339045
0.004387
0.347286
0.648007
0.870025
0.986377
0.982930
0.860104
0.632816
0.328671
-0.015392
-0.357586
-0.656349
-0.875398
-0.988127
-0.980846
-0.854438
-0.624256
-0.318257
0.026395
0.367841
0.664613
0.880665
0.989758
0.978643
0.848668
0.615621
0.307805
-0.037395
-0.378053
-0.672795
-0.885825
-0.991269
-0.976321
-0.842796
-0.606911
-0.297315
0.048390
0.388218
0.680897
0.890878
0.992660
0.973881
0.836822
0.598128
0.286790
-0.059379
-0.398337
-0.688915
-0.895823
-0.993931
-0.971323
-0.830746
-0.589272
-0.276230
0.070362
0.408407
0.696851
0.900660
0.995082
0.968648
0.824569
0.580345
0.265636
-0.081335
-0.418428
-0.704702
-0.905387
-0.996111
-0.965855
-0.818293
-0.571347
-0.255010
0.092299
0.428398
0.712467
0.910005
0.997021
0.962945
0.811918
0.562281
0.244353
-0.103252
-0.438317
-0.720147
-0.914513
-0.997809
-0.959919
-0.805444
-0.553146
-0.233667
0.114192
0.448182
0.727739
0.918910
0.998477
0.956776
0.798873
0.543944
0.222952
-0.125118
-0.457993
-0.735242
-0.923195
-0.999024
-0.953518
-0.792205
-0.534676
-0.212210
0.136029
0.467748
0.742657
0.927369
0.999449
0.950144
0.785441
0.525344
0.201443
-0.146924
-0.477447
-0.749982
-0.931430
-0.999754
-0.946655
-0.778582
-0.515948
-0.190651
0.157801
0.487088
0.757216
0.935379
0.999938
0.943051
0.771628
0.506489
0.179836
-0.168659
-0.496670
-0.764359
-0.939214
-1.000000
-0.939333
-0.764582
-0.496970
-0.168999
0.179496
0.506191
0.771408
0.942936
0.999941
0.935501
0.757442
0.487390
0.158142
-0.190312
-0.515652
-0.778365
-0.946543
-0.999762
-0.931556
-0.750211
-0.477750
-0.147266
0.201104
0.525050
0.785227
0.950036
0.999461
0.927498
0.742889
0.468053
0.136372
-0.211873
-0.534384
-0.791994
-0.953414
-0.999039
-0.923328
-0.735477
-0.458300
-0.125461
0.222615
0.543654
0.798665
0.956676
0.998496
0.919046
0.727976
0.448491
0.114535
-0.233331
-0.552858
-0.805239
-0.959822
-0.997832
-0.914653
-0.720386
-0.438627
-0.103596
0.244018
0.561995
0.811716
0.962852
0.997047
0.910148
0.712710
0.428711
0.092643
-0.254676
-0.571064
-0.818094
-0.965766
-0.996142
-0.905534
-0.704947
-0.418742
-0.081680
0.265303
0.580063
0.824374
0.968562
0.995116
0.900810
0.697099
0.408723
0.070706
-0.275897
-0.588993
-0.830553
-0.971241
-0.993969
-0.895977
-0.689166
-0.398654
-0.059724
0.286459
0.597851
0.836632
0.973803
0.992702
0.891035
0.681150
0.388537
0.048735
-0.296985
-0.606637
-0.842610
-0.976246
-0.991315
-0.885986
-0.673051
-0.378373
-0.037740
0.307476
0.615349
0.848486
0.978572
0.989807
0.880829
0.664871
0.368163
0.026740
-0.317930
-0.623986
-0.854258
-0.980778
-0.988180
-0.875565
-0.656610
-0.357908
-0.015738
0.328345
0.632548
0.859928
0.982866
0.986433
0.870195
0.648270
0.347610
0.004733
-0.338720
-0.641034
-0.865493
-0.984835
-0.984567
-0.864720
-0.639851
-0.337270
0.006273
0.349054
0.649442
0.870953
0.986685
0.982581
0.859141
0.631355
0.326890
-0.017277
-0.359346
-0.657771
-0.876308
-0.988415
-0.980477
-0.853457
-0.622782
-0.316469
0.028280
0.369594
0.666020
0.881557
0.990026
0.978253
0.847670
0.614134
0.306010
-0.039279
-0.379798
-0.674189
-0.886699
-0.991516
-0.975911
-0.841780
-0.605412
-0.295515
0.050273
0.389955
0.682276
0.891733
0.992887
0.973451
0.835788
0.596616
0.284983
-0.061262
-0.400066
-0.690281
-0.896660
-0.994137
-0.970873
-0.829695
-0.587748
-0.274417
0.072242
0.410128
0.698202
0.901478
0.995267
0.968178
0.823501
0.578808
0.263818
-0.083214
-0.420140
-0.706038
-0.906186
-0.996276
-0.965365
-0.817208
-0.569799
-0.253186
0.094176
0.430101
0.713789
0.910785
0.997164
0.962435
0.810816
0.560720
0.242524
-0.105127
-0.440011
-0.721454
-0.915274
-0.997932
-0.959389
-0.804325
-0.551574
-0.231833
0.116065
0.449866
0.729031
0.919652
0.998579
0.956226
0.797737
0.542361
0.221113
-0.126989
-0.459668
-0.736519
-0.923918
-0.999105
-0.952948
-0.791053
-0.533082
-0.210367
0.137897
0.469414
0.743919
0.928073
0.999510
0.949554
0.784272
0.523739
0.199596
-0.148789
-0.479103
-0.751228
-0.932115
-0.999794
-0.946045
-0.777397
-0.514332
-0.188800
0.159663
0.488734
0.758447
0.936044
0.999957
0.942422
0.770428
0.504863
0.177981
-0.170517
-0.498305
-0.765573
-0.939860
-0.999999
-0.938685
-0.763365
-0.495332
-0.167141
0.181351
0.507817
0.772607
0.943562
0.999919
0.934833
0.756210
0.485742
0.156280
-0.192163
-0.517267
-0.779547
-0.947150
-0.999719
-0.930869
-0.748963
-0.476093
-0.145401
0.202951
0.526654
0.786393
0.950623
0.999397
0.926792
0.741625
0.466386
0.134504
-0.213715
-0.535977
-0.793144
-0.953981
-0.998954
-0.922602
-0.734198
-0.456623
-0.123590
0.224453
0.545236
0.799798
0.957223
0.998391
0.918301
0.726682
0.446805
0.112662
-0.235164
-0.554428
-0.806356
-0.960349
-0.997706
-0.913889
-0.719077
-0.436932
-0.101720
0.245846
0.563554
0.812816
0.963360
0.996901
0.909366
0.711386
0.427006
0.090766
-0.256499
-0.572611
-0.819177
-0.966253
-0.995975
-0.904732
-0.703608
-0.417029
-0.079800
0.267120
0.581598
0.825440
0.969029
0.994928
0.899990
0.695745
0.407001
0.068825
-0.277709
-0.590516
-0.831602
-0.971688
-0.993761
-0.895138
-0.687798
-0.396924
-0.057842
0.288265
0.599361
0.837664
0.974230
0.992473
0.890178
0.679768
0.386799
0.046852
-0.298785
-0.608134
-0.843624
-0.976653
-0.991065
-0.885110
-0.671655
-0.376627
-0.035856
0.309270
0.616834
0.849482
0.978958
0.989537
0.879934
0.663461
0.366409
0.024856
-0.319717
-0.625459
-0.855237
-0.981144
-0.987889
-0.874653
-0.655187
-0.356147
-0.013852
0.330125
0.634008
0.860889
0.983212
0.986122
0.869265
0.646833
0.345842
0.002847
-0.340493
-0.642480
-0.866436
-0.985161
-0.984235
-0.863772
-0.638401
-0.335495
0.008158
0.350820
0.650874
0.871878
0.986990
0.982229
0.858174
0.629892
0.325107
-0.019163
-0.361105
-0.659190
-0.877215
-0.988700
-0.980104
-0.852473
-0.621306
-0.314680
0.030165
0.371346
0.667426
0.882445
0.990289
0.977860
0.846668
0.612645
0.304215
-0.041163
-0.381541
-0.675581
-0.887569
-0.991759
-0.975498
-0.840760
-0.603910
-0.293713
0.052156
0.391691
0.683654
0.892585
0.993109
0.973018
0.834751
0.595101
0.283175
-0.063143
-0.401793
-0.691644
-0.897493
-0.994339
-0.970420
-0.828641
-0.586221
-0.272603
0.074123
0.411847
0.699551
0.902292
0.995448
0.967704
0.822430
0.577270
0.261998
-0.085093
-0.421850
-0.707372
-0.906982
-0.996437
-0.964871
-0.816120
-0.568248
-0.251362
0.096054
0.431803
0.715108
0.911562
0.997305
0.961921
0.809711
0.559158
0.240695
-0.107002
-0.441703
-0.722758
-0.916032
-0.998052
-0.958855
-0.803203
-0.550000
-0.229998
0.117938
0.451550
0.730320
0.920391
0.998678
0.955673
0.796599
0.540776
0.219274
-0.128859
-0.461342
-0.737793
-0.924638
-0.999183
-0.952375
-0.789898
-0.531486
-0.208524
0.139765
0.471078
0.745177
0.928773
0.999567
0.948961
0.783101
0.522132
0.197748
-0.150653
-0.480757
-0.752471
-0.932796
-0.999830
-0.945433
-0.776210
-0.512714
-0.186948
0.161524
0.490378
0.759674
0.936706
0.999973
0.941790
0.769224
0.503234
0.176125
-0.172375
-0.499939
-0.766785
-0.940502
-0.999994
-0.938033
-0.762145
-0.493694
-0.165281
0.183205
0.509440
0.773803
0.944185
0.999893
0.934162
0.754974
0.484093
0.154417
-0.194013
-0.518879
-0.780727
-0.947753
-0.999672
-0.930178
-0.747712
-0.474434
-0.143535
0.204797
0.528256
0.787556
0.951206
0.999330
0.926082
0.740359
0.464718
0.132635
-0.215557
-0.537568
-0.794291
-0.954544
-0.998866
-0.921873
-0.732916
-0.454945
-0.121719
0.226290
0.546815
0.800929
0.957767
0.998282
0.917553
0.725385
0.445117
0.110788
-0.236996
-0.555996
-0.807470
-0.960873
-0.997577
-0.913122
-0.717766
-0.435235
-0.099844
0.247673
0.565110
0.813913
0.963864
0.996751
0.908580
0.710059
0.425300
0.088888
-0.258321
-0.574155
-0.820257
-0.966737
-0.995804
-0.903928
-0.702267
-0.415314
-0.077921
0.268937
0.583131
0.826503
0.969493
0.994736
0.899166
0.694390
0.405278
0.066944
-0.279520
-0.592036
-0.832648
-0.972132
-0.993548
-0.894296
-0.686428
-0.395193
-0.055960
0.290070
0.600870
0.838692
0.974653
0.992240
0.889317
0.678384
0.385059
0.044968
-0.300584
-0.609630
-0.844635
-0.977056
-0.990812
-0.884231
-0.670257
-0.374879
-0.033971
0.311062
0.618317
0.850475
0.979341
0.989263
0.879037
0.662049
0.364654
0.022970
-0.321503
-0.626929
-0.856213
-0.981507
-0.987595
-0.873737
-0.653761
-0.354384
-0.011967
0.331904
0.635465
0.861846
0.983554
0.985807
0.868331
0.645394
0.344072
0.000962
-0.342266
-0.643924
-0.867376
-0.985483
-0.983900
-0.862820
-0.636949
-0.333718
0.010044
0.352585
0.652305
0.872800
0.987291
0.981874
0.857205
0.628426
0.323323
-0.021048
-0.362863
-0.660607
-0.878118
-0.988980
-0.979728
-0.851485
-0.619827
-0.312890
0.032049
0.373096
0.668829
0.883331
0.990550
0.977464
0.845663
0.611154
0.302418
-0.043047
-0.383284
-0.676970
-0.888436
-0.991999
-0.975082
-0.839738
-0.602406
-0.291910
0.054039
0.393425
0.685029
0.893433
0.993329
0.972581
0.833711
0.593585
0.281366
-0.065025
-0.403519
-0.693005
-0.898323
-0.994537
-0.969963
-0.827584
-0.584692
-0.270789
0.076003
0.413564
0.700897
0.903103
0.995626
0.967227
0.821356
0.575729
0.260178
-0.086972
-0.423559
-0.708704
-0.907775
-0.996594
-0.964374
-0.815029
-0.566696
-0.249536
0.097930
0.433503
0.716425
0.912336
0.997441
0.961404
0.808603
0.557594
0.238864
-0.108877
-0.443394
-0.724060
-0.916787
-0.998167
-0.958318
-0.802079
-0.548425
-0.228163
0.119810
0.453231
0.731607
0.921126
0.998773
0.955116
0.795458
0.539189
0.217434
-0.130728
-0.463014
-0.739065
-0.925355
-0.999258
-0.951798
-0.788740
-0.529888
-0.206679
0.141631
0.472740
0.746434
0.929471
0.999621
0.948365
0.781927
0.520522
0.195899
-0.152517
-0.482409
-0.753712
-0.933474
-0.999863
-0.944817
-0.775020
-0.511094
-0.185095
0.163384
0.492020
0.760899
0.937365
0.999985
0.941154
0.768018
0.501604
0.174269
-0.174232
-0.501571
-0.767994
-0.941141
-0.999985
