0.000000
0.058348
0.116498
0.174250
0.231409
0.287779
0.343169
0.397389
0.450256
0.501588
0.551211
0.598955
0.644659
0.688166
0.729329
0.768006
0.804066
0.837387
0.867854
0.895364
0.919823
0.941148
0.959266
0.974115
0.985645
0.993817
0.998602
0.999985
0.997960
0.992535
0.983728
0.971568
0.956099
0.937371
0.915450
0.890409
0.862334
0.831320
0.797474
0.760911
0.721755
0.680140
0.636207
0.590106
0.541995
0.492037
0.440402
0.387266
0.332811
0.277222
0.220689
0.163403
0.105560
0.047358
-0.011005
-0.069331
-0.127421
-0.185077
-0.242102
-0.298302
-0.353485
-0.407464
-0.460055
-0.511078
-0.560360
-0.607732
-0.653033
-0.696110
-0.736814
-0.775008
-0.810561
-0.843352
-0.873269
-0.900211
-0.924085
-0.944811
-0.962317
-0.976544
-0.987444
-0.994979
-0.999123
-0.999864
-0.997197
-0.991133
-0.981691
-0.968904
-0.952816
-0.933481
-0.910965
-0.885345
-0.856709
-0.825153
-0.790786
-0.753724
-0.714094
-0.672031
-0.627678
-0.581186
-0.532713
-0.482426
-0.430495
-0.377096
-0.322413
-0.266632
-0.209941
-0.152536
-0.094610
-0.036363
0.022009
0.080306
0.138329
0.195880
0.252765
0.308788
0.363758
0.417490
0.469798
0.520506
0.569441
0.616435
0.661328
0.703968
0.744210
0.781915
0.816957
0.849214
0.878578
0.904948
0.928235
0.948359
0.965251
0.978854
0.989122
0.996020
0.999524
0.999622
0.996313
0.989610
0.979535
0.966122
0.949417
0.929478
0.906371
0.880175
0.850981
0.818886
0.784002
0.746446
0.706347
0.663841
0.619072
0.572195
0.523367
0.472757
0.420535
0.366881
0.311976
0.256009
0.199169
0.141650
0.083649
0.025362
-0.033010
-0.091271
-0.149220
-0.206661
-0.263397
-0.319236
-0.373988
-0.427465
-0.479485
-0.529872
-0.578453
-0.625063
-0.669543
-0.711742
-0.751516
-0.788729
-0.823254
-0.854974
-0.883781
-0.909577
-0.932273
-0.951792
-0.968069
-0.981046
-0.990681
-0.996941
-0.999803
-0.999258
-0.995309
-0.987968
-0.977261
-0.963223
-0.945904
-0.925362
-0.901666
-0.874898
-0.845149
-0.812520
-0.777123
-0.739078
-0.698514
-0.655570
-0.610392
-0.563135
-0.513958
-0.463030
-0.410525
-0.356621
-0.301501
-0.245355
-0.188372
-0.130747
-0.072677
-0.014359
0.044008
0.102224
0.160093
0.217416
0.273998
0.329646
0.384172
0.437388
0.489114
0.539173
0.587395
0.633616
0.677677
0.719429
0.758730
0.795446
0.829451
0.860630
0.888877
0.914095
0.936197
0.955110
0.970769
0.983119
0.992120
0.997740
0.999961
0.998774
0.994184
0.986206
0.974868
0.960208
0.942276
0.921134
0.896853
0.869515
0.839215
0.806056
0.770150
0.731619
0.690596
0.647220
0.601638
0.554006
0.504487
0.453248
0.400465
0.346318
0.290990
0.234671
0.177552
0.119828
0.061696
0.003354
-0.054999
-0.113166
-0.170946
-0.228145
-0.284565
-0.340017
-0.394309
-0.447258
-0.498683
-0.548409
-0.596266
-0.642091
-0.685729
-0.727030
-0.765853
-0.802067
-0.835549
-0.866182
-0.893865
-0.918502
-0.940009
-0.958313
-0.973351
-0.985074
-0.993439
-0.998419
-0.999998
-0.998169
-0.992938
-0.984325
-0.972357
-0.957076
-0.938534
-0.916794
-0.891930
-0.864027
-0.833180
-0.799494
-0.763083
-0.724073
-0.682595
-0.638791
-0.592811
-0.544811
-0.494954
-0.443411
-0.390357
-0.335972
-0.280443
-0.223959
-0.166711
-0.108895
-0.050708
0.007651
0.065985
0.124093
0.181779
0.238846
0.295098
0.350345
0.404399
0.457074
0.508192
0.557578
0.605065
0.650489
0.693698
0.734542
0.772884
0.808592
0.841544
0.871630
0.898745
0.922798
0.943706
0.961399
0.975816
0.986908
0.994637
0.998977
0.999913
0.997442
0.991573
0.982324
0.969729
0.953829
0.934679
0.912344
0.886900
0.858434
0.827044
0.792835
0.755924
0.716438
0.674511
0.630285
0.583912
0.535549
0.485361
0.433520
0.380201
0.325587
0.269863
0.213220
0.155850
0.097949
0.039714
-0.018656
-0.076962
-0.135006
-0.192590
-0.249518
-0.305596
-0.360632
-0.414439
-0.466835
-0.517639
-0.566680
-0.613790
-0.658809
-0.701582
-0.741965
-0.779820
-0.815018
-0.847438
-0.876971
-0.903516
-0.926982
-0.947290
-0.964369
-0.978163
-0.988623
-0.995715
-0.999414
-0.999708
-0.996595
-0.990087
-0.980205
-0.966982
-0.950465
-0.930710
-0.907783
-0.881762
-0.852737
-0.820807
-0.786080
-0.748674
-0.708717
-0.666345
-0.621703
-0.574942
-0.526223
-0.475710
-0.423576
-0.369999
-0.315161
-0.259250
-0.202454
-0.144970
-0.086991
-0.028715
0.029658
0.087930
0.145902
0.203378
0.260160
0.316056
0.370875
0.424430
0.476539
0.527024
0.575714
0.622441
0.667048
0.709382
0.749299
0.786662
0.821345
0.853230
0.882207
0.908178
0.931054
0.950758
0.967222
0.980391
0.990219
0.996673
0.999731
0.999382
0.995628
0.988481
0.977966
0.964119
0.946987
0.926628
0.903112
0.876518
0.846937
0.814471
0.779230
0.741333
0.700910
0.658099
0.613046
0.565903
0.516833
0.466001
0.413581
0.359752
0.304698
0.248605
0.191665
0.134072
0.076022
0.017713
-0.040656
-0.098887
-0.156781
-0.214141
-0.270771
-0.326478
-0.381073
-0.434369
-0.486185
-0.536345
-0.584677
-0.631017
-0.675207
-0.717096
-0.756541
-0.793409
-0.827573
-0.858918
-0.887335
-0.912729
-0.935013
-0.954111
-0.969958
-0.982500
-0.991694
-0.997509
-0.999925
-0.998934
-0.994539
-0.986756
-0.975610
-0.961139
-0.943394
-0.922434
-0.898331
-0.871167
-0.841035
-0.808036
-0.772285
-0.733902
-0.693018
-0.649773
-0.604314
-0.556795
-0.507380
-0.456235
-0.403536
-0.349462
-0.294197
-0.237930
-0.180852
-0.123158
-0.065044
-0.006708
0.051650
0.109832
0.167641
0.224878
0.281348
0.336860
0.391224
0.444256
0.495773
0.545601
0.593570
0.639516
0.683284
0.724723
0.763692
0.800060
0.833701
0.864501
0.892356
0.917170
0.938859
0.957349
0.972577
0.984491
0.993050
0.998225
0.999999
0.998366
0.993331
0.984911
0.973135
0.958043
0.939687
0.918129
0.893442
0.865711
0.835030
0.801504
0.765247
0.726382
0.685042
0.641368
0.595509
0.547620
0.497866
0.446415
0.393443
0.339130
0.283661
0.227227
0.170017
0.112229
0.054058
-0.004297
-0.062637
-0.120764
-0.178480
-0.235587
-0.291892
-0.347202
-0.401329
-0.454088
-0.505300
-0.554791
-0.602391
-0.647938
-0.691278
-0.732262
-0.770751
-0.806613
-0.839728
-0.869981
-0.897269
-0.921500
-0.942591
-0.960471
-0.975078
-0.986362
-0.994285
-0.998820
-0.999952
-0.997677
-0.992002
-0.982947
-0.970542
-0.954831
-0.935866
-0.913712
-0.888445
-0.860150
-0.828924
-0.794874
-0.758116
-0.718774
-0.676983
-0.632886
-0.586632
-0.538379
-0.488291
-0.436540
-0.383301
-0.328756
-0.273091
-0.216495
-0.159162
-0.101286
-0.043066
0.015302
0.073617
0.131682
0.189298
0.246268
0.302400
0.357501
0.411385
0.463866
0.514767
0.563913
0.611139
0.656281
0.699188
0.739712
0.777716
0.813070
0.845653
0.875354
0.902073
0.925719
0.946210
0.963476
0.977460
0.988113
0.995400
0.999294
0.999784
0.996866
0.990552
0.980863
0.967832
0.951503
0.931931
0.909184
0.883340
0.854485
0.822718
0.788149
0.750893
0.711080
0.668843
0.624327
0.577684
0.529072
0.478658
0.426612
0.373113
0.318343
0.262488
0.205738
0.148288
0.090332
0.032068
-0.026305
-0.084588
-0.142583
-0.200092
-0.256920
-0.312872
-0.367758
-0.421390
-0.473587
-0.524171
-0.572968
-0.619813
-0.664545
-0.707014
-0.747073
-0.784587
-0.819427
-0.851475
-0.880622
-0.906768
-0.929825
-0.949713
-0.966365
-0.979724
-0.989745
-0.996394
-0.999647
-0.999494
-0.995935
-0.988983
-0.978661
-0.965004
-0.948059
-0.927884
-0.904547
-0.878127
-0.848716
-0.816413
-0.781327
-0.743580
-0.703299
-0.660621
-0.615692
-0.568665
-0.519701
-0.468966
-0.416633
-0.362880
-0.307891
-0.251852
-0.194956
-0.137395
-0.079366
-0.021067
0.037305
0.095549
0.153467
0.210863
0.267540
0.323306
0.377969
0.431345
0.483252
0.533511
0.581953
0.628411
0.672729
0.714754
0.754344
0.791363
0.825686
0.857195
0.885783
0.911354
0.933819
0.953102
0.969137
0.981870
0.991257
0.997267
0.999879
0.999084
0.994884
0.987294
0.976341
0.962060
0.944501
0.923724
0.899800
0.872809
0.842845
0.810008
0.774411
0.736176
0.695432
0.652319
0.606983
0.559578
0.510267
0.459218
0.406603
0.352603
0.297402
0.241187
0.184150
0.126486
0.068391
0.010062
-0.048300
-0.106498
-0.164333
-0.221608
-0.278128
-0.333700
-0.388135
-0.441248
-0.492857
-0.542787
-0.590867
-0.636934
-0.680831
-0.722407
-0.761523
-0.798043
-0.831844
-0.862811
-0.890837
-0.915829
-0.937699
-0.956375
-0.971791
-0.983897
-0.992649
-0.998020
-0.999990
-0.998552
-0.993712
-0.985486
-0.973902
-0.958999
-0.940829
-0.919453
-0.894944
-0.867385
-0.836871
-0.803505
-0.767402
-0.728683
-0.687482
-0.643938
-0.598200
-0.550424
-0.500772
-0.449414
-0.396524
-0.342283
-0.286876
-0.230492
-0.173322
-0.115561
-0.057407
0.000943
0.059289
0.117434
0.175179
0.232326
0.288682
0.344054
0.398254
0.451097
0.502403
0.551997
0.599710
0.645380
0.688850
0.729973
0.768609
0.804626
0.837902
0.868322
0.895783
0.920192
0.941466
0.959532
0.974328
0.985804
0.993921
0.998652
0.999979
0.997899
0.992419
0.983558
0.971345
0.955822
0.937042
0.915070
0.889979
0.861856
0.830796
0.796905
0.760299
0.721102
0.679448
0.635479
0.589345
0.541202
0.491216
0.439555
0.386397
0.331922
0.276316
0.219769
0.162473
0.104623
0.046417
-0.011948
-0.070272
-0.128356
-0.186003
-0.243016
-0.299201
-0.354367
-0.408325
-0.460892
-0.511888
-0.561140
-0.608480
-0.653747
-0.696786
-0.737451
-0.775603
-0.811112
-0.843858
-0.873728
-0.900621
-0.924445
-0.945119
-0.962573
-0.976747
-0.987592
-0.995073
-0.999162
-0.999848
-0.997126
-0.991007
-0.981511
-0.968670
-0.952529
-0.933142
-0.910576
-0.884907
-0.856222
-0.824620
-0.790209
-0.753104
-0.713434
-0.671332
-0.626943
-0.580418
-0.531915
-0.481600
-0.429643
-0.376223
-0.321521
-0.265723
-0.209019
-0.151604
-0.093672
-0.035420
0.022952
0.081245
0.139262
0.196805
0.253677
0.309684
0.364636
0.418346
0.470631
0.521311
0.570215
0.617177
0.662035
0.704638
0.744839
0.782503
0.817500
0.849712
0.879028
0.905349
0.928585
0.948657
0.965497
0.979047
0.989261
0.996104
0.999552
0.999595
0.996232
0.989474
0.979345
0.965878
0.949121
0.929129
0.905972
0.879727
0.850485
0.818345
0.783416
0.745818
0.705679
0.663135
0.618332
0.571421
0.522564
0.471926
0.419680
0.366004
0.311080
0.255097
0.198245
0.140717
0.082709
0.024420
-0.033953
-0.092209
-0.150152
-0.207583
-0.264307
-0.320130
-0.374862
-0.428317
-0.480312
-0.530671
-0.579222
-0.625799
-0.670243
-0.712404
-0.752137
-0.789308
-0.823789
-0.855463
-0.884222
-0.909968
-0.932613
-0.952081
-0.968305
-0.981229
-0.990809
-0.997014
-0.999821
-0.999221
-0.995217
-0.987822
-0.977060
-0.962970
-0.945598
-0.925004
-0.901258
-0.874441
-0.844645
-0.811970
-0.776529
-0.738442
-0.697839
-0.654858
-0.609645
-0.562355
-0.513149
-0.462195
-0.409665
-0.355740
-0.300602
-0.244441
-0.187446
-0.129812
-0.071737
-0.013416
0.044949
0.103162
0.161023
0.218336
0.274904
0.330536
0.385042
0.438236
0.489936
0.539967
0.588158
0.634345
0.678370
0.720084
0.759344
0.796017
0.829978
0.861110
0.889308
0.914476
0.936528
0.955389
0.970995
0.983292
0.992238
0.997803
0.999969
0.998727
0.994082
0.986050
0.974657
0.959944
0.941960
0.920766
0.896435
0.869049
0.838702
0.805498
0.769548
0.730976
0.689914
0.646501
0.600885
0.553221
0.503672
0.452407
0.399601
0.345433
0.290088
0.233754
0.176624
0.118892
0.060755
0.002411
-0.055941
-0.114102
-0.171875
-0.229062
-0.285469
-0.340903
-0.395175
-0.448101
-0.499500
-0.549197
-0.597023
-0.642814
-0.686415
-0.727677
-0.766459
-0.802630
-0.836066
-0.866653
-0.894287
-0.918874
-0.940330
-0.958582
-0.973567
-0.985235
-0.993546
-0.998472
-0.999995
-0.998111
-0.992826
-0.984158
-0.972137
-0.956803
-0.938208
-0.916417
-0.891504
-0.863552
-0.832658
-0.798927
-0.762474
-0.723422
-0.681906
-0.638066
-0.592051
-0.544020
-0.494134
-0.442565
-0.389488
-0.335084
-0.279538
-0.223040
-0.165781
-0.107958
-0.049767
0.008594
0.066925
0.125029
0.182706
0.239761
0.295999
0.351228
0.405261
0.457912
0.509004
0.558361
0.605815
0.651205
0.694376
0.735181
0.773481
0.809146
0.842053
0.872091
0.899158
0.923161
0.944018
0.961658
0.976022
0.987060
0.994734
0.999020
0.999901
0.997375
0.991450
0.982147
0.969498
0.953545
0.934343
0.911957
0.886464
0.857950
0.826513
0.792260
0.755307
0.715780
0.673815
0.629553
0.583146
0.534753
0.484537
0.432670
0.379329
0.324695
0.268955
0.212298
0.154918
0.097011
0.038772
-0.019598
-0.077902
-0.135940
-0.193515
-0.250431
-0.306493
-0.361511
-0.415297
-0.467668
-0.518446
-0.567457
-0.614534
-0.659518
-0.702254
-0.742597
-0.780410
-0.815564
-0.847938
-0.877424
-0.903920
-0.927335
-0.947591
-0.964618
-0.978358
-0.988765
-0.995802
-0.999446
-0.999685
-0.996517
-0.989954
-0.980018
-0.966742
-0.950172
-0.930364
-0.907387
-0.881317
-0.852245
-0.820268
-0.785497
-0.748049
-0.708052
-0.665642
-0.620964
-0.574171
-0.525421
-0.474880
-0.422722
-0.369123
-0.314266
-0.258339
-0.201531
-0.144037
-0.086051
-0.027773
0.030600
0.088869
0.146835
0.204301
0.261070
0.316950
0.371750
0.425283
0.477368
0.527825
0.576484
0.623179
0.667750
0.710046
0.749923
0.787244
0.821883
0.853721
0.882650
0.908572
0.931398
0.951050
0.967461
0.980576
0.990350
0.996749
0.999752
0.999348
0.995539
0.988338
0.977769
0.963869
0.946684
0.926273
0.902706
0.876064
0.846436
0.813924
0.778638
0.740700
0.700237
0.657389
0.612300
0.565126
0.516025
0.465166
0.412723
0.358873
0.303800
0.247692
0.190740
0.133137
0.075082
0.016770
-0.041598
-0.099825
-0.157712
-0.215061
-0.271678
-0.327369
-0.381944
-0.435218
-0.487009
-0.537140
-0.585442
-0.631748
-0.675902
-0.717753
-0.757157
-0.793982
-0.828102
-0.859400
-0.887769
-0.913114
-0.935347
-0.954393
-0.970187
-0.982675
-0.991815
-0.997575
-0.999937
-0.998890
-0.994441
-0.986602
-0.975402
-0.960879
-0.943081
-0.922070
-0.897917
-0.870704
-0.840524
-0.807481
-0.771686
-0.733261
-0.692338
-0.649056
-0.603562
-0.556012
-0.506567
-0.455396
-0.402674
-0.348579
-0.293296
-0.237014
-0.179925
-0.122222
-0.064103
-0.005766
0.052592
0.110769
0.168570
0.225796
0.282253
0.337748
0.392092
0.445100
0.496591
0.546391
0.594328
0.640241
0.683972
0.725372
0.764301
0.800625
0.834221
0.864975
0.892781
0.917546
0.939183
0.957621
0.972796
0.984656
0.993160
0.998281
1.000000
0.998312
0.993222
0.984747
0.972917
0.957772
0.939364
0.917755
0.893018
0.865239
0.834511
0.800940
0.764640
0.725734
0.684355
0.640645
0.594751
0.546831
0.497048
0.445571
0.392576
0.338243
0.282757
0.226308
0.169088
0.111292
0.053117
-0.005240
-0.063578
-0.121700
-0.179407
-0.236503
-0.292793
-0.348086
-0.402192
-0.454928
-0.506114
-0.555575
-0.603143
-0.648656
-0.691959
-0.732904
-0.771351
-0.807170
-0.840239
-0.870445
-0.897685
-0.921866
-0.942906
-0.960733
-0.975286
-0.986516
-0.994385
-0.998865
-0.999942
-0.997612
-0.991882
-0.982773
-0.970315
-0.954550
-0.935533
-0.913328
-0.888011
-0.859669
-0.828397
-0.794302
-0.757501
-0.718119
-0.676289
-0.632156
-0.585868
-0.537584
-0.487468
-0.435691
-0.382430
-0.327866
-0.272184
-0.215575
-0.158231
-0.100348
-0.042124
0.016245
0.074557
0.132616
0.190223
0.247182
0.303299
0.358382
0.412244
0.464701
0.515575
0.564692
0.611885
0.656993
0.699862
0.740346
0.778308
0.813618
0.846156
0.875810
0.902480
0.926075
0.946514
0.963728
0.977659
0.988258
0.995489
0.999329
0.999764
0.996791
0.990423
0.980679
0.967594
0.951212
0.931589
0.908791
0.882897
0.853995
0.822182
0.787568
0.750270
0.710416
0.668142
0.623590
0.576914
0.528272
0.477830
0.425759
0.372238
0.317449
0.261578
0.204815
0.147355
0.089393
0.031126
-0.027247
-0.085528
-0.143516
-0.201016
-0.257831
-0.313767
-0.368634
-0.422245
-0.474418
-0.524973
-0.573740
-0.620552
-0.665250
-0.707680
-0.747700
-0.785171
-0.819967
-0.851969
-0.881069
-0.907166
-0.930171
-0.950008
-0.966607
-0.979913
-0.989880
-0.996473
-0.999672
-0.999464
-0.995850
-0.988843
-0.978467
-0.964757
-0.947759
-0.927532
-0.904144
-0.877676
-0.848217
-0.815868
-0.780739
-0.742949
-0.702628
-0.659913
-0.614949
-0.567890
-0.518895
-0.468133
-0.415776
-0.362001
-0.306994
-0.250940
-0.194031
-0.136461
-0.078426
-0.020124
0.038247
0.096487
0.154399
0.211784
0.268448
0.324198
0.378842
0.432196
0.484077
0.534308
0.582719
0.629144
0.673426
0.715413
0.754962
0.791939
0.826217
0.857680
0.886221
0.911741
0.934155
0.953386
0.969369
0.982048
0.991381
0.997336
0.999893
0.999043
0.994788
0.987144
0.976136
0.961802
0.944191
0.923363
0.899388
0.872349
0.842337
0.809455
0.773815
0.735538
0.694755
0.651604
0.606233
0.558797
0.509456
0.458380
0.405742
0.351721
0.296501
0.240272
0.183223
0.125551
0.067450
0.009120
-0.049242
-0.107435
-0.165263
-0.222527
-0.279033
-0.334589
-0.389004
-0.442094
-0.493677
-0.543578
-0.591627
-0.637661
-0.681521
-0.723059
-0.762133
-0.798611
-0.832367
-0.863287
-0.891265
-0.916207
-0.938026
-0.956650
-0.972013
-0.984065
-0.992763
-0.998079
-0.999993
-0.998501
-0.993606
-0.985325
-0.973687
-0.958731
-0.940509
-0.919082
-0.894523
-0.866915
-0.836355
-0.802944
-0.766797
-0.728037
-0.686797
-0.643217
-0.597444
-0.549636
-0.499956
-0.448571
-0.395658
-0.341397
-0.285973
-0.229574
-0.172393
-0.114625
-0.056466
0.001886
0.060231
0.118370
0.176107
0.233243
0.289585
0.344939
0.399119
0.451938
0.503218
0.552783
0.600464
0.646099
0.689533
0.730617
0.769212
0.805186
0.838416
0.868789
0.896202
0.920561
0.941783
0.959797
0.974540
0.985962
0.994025
0.998700
0.999973
0.997838
0.992303
0.983387
0.971120
0.955544
0.936713
0.914689
0.889549
0.861377
0.830271
0.796335
0.759686
0.720449
0.678756
0.634751
0.588583
0.540409
0.490394
0.438708
0.385527
0.331033
0.275410
0.218849
0.161542
0.103685
0.045475
-0.012891
-0.071212
-0.129291
-0.186929
-0.243931
-0.300101
-0.355248
-0.409185
-0.461728
-0.512698
-0.561920
-0.609228
-0.654460
-0.697462
-0.738087
-0.776198
-0.811663
-0.844363
-0.874186
-0.901030
-0.924804
-0.945427
-0.962828
-0.976948
-0.987740
-0.995166
-0.999201
-0.999831
-0.997054
-0.990880
-0.981330
-0.968436
-0.952242
-0.932803
-0.910186
-0.884467
-0.855735
-0.824087
-0.789631
-0.752484
-0.712773
-0.670633
-0.626209
-0.579650
-0.531117
-0.480773
-0.428792
-0.375349
-0.320628
-0.264814
-0.208097
-0.150672
-0.092733
-0.034478
0.023894
0.082185
0.140196
0.197729
0.254589
0.310581
0.365514
0.419202
0.471462
0.522115
0.570990
0.617918
0.662742
0.705306
0.745468
0.783089
0.818043
0.850208
0.879477
0.905749
0.928935
0.948955
0.965742
0.979238
0.989398
0.996186
0.999580
0.999568
0.996150
0.989337
0.979154
0.965634
0.948824
0.928780
0.905572
0.879279
0.849989
0.817803
0.782830
0.745190
0.705011
0.662429
0.617591
0.570647
0.521760
0.471094
0.418824
0.365126
0.310184
0.254185
0.197320
0.139783
0.081770
0.023477
-0.034895
-0.093148
-0.151084
-0.208505
-0.265216
-0.321023
-0.375736
-0.429169
-0.481139
-0.531470
-0.579990
-0.626534
-0.670943
-0.713065
-0.752758
-0.789886
-0.824323
-0.855951
-0.884662
-0.910358
-0.932953
-0.952369
-0.968540
-0.981410
-0.990936
-0.997086
-0.999838
-0.999184
-0.995125
-0.987675
-0.976859
-0.962715
-0.945291
-0.924645
-0.900849
-0.873984
-0.844140
-0.811420
-0.775935
-0.737806
-0.697163
-0.654145
-0.608898
-0.561575
-0.512340
-0.461358
-0.408805
-0.354859
-0.299703
-0.243526
-0.186520
-0.128878
-0.070796
-0.012474
0.045891
0.104100
0.161954
0.219256
0.275811
0.331426
0.385912
0.439083
0.490757
0.540760
0.588920
0.635073
0.679062
0.720738
0.759957
0.796587
0.830503
0.861589
0.889739
0.914857
0.936859
0.955667
0.971220
0.983463
0.992355
0.997865
0.999976
0.998679
0.993979
0.985892
0.974446
0.959680
0.941643
0.920398
0.896017
0.868583
0.838189
0.804938
0.768946
0.730333
0.689231
0.645781
0.600131
0.552435
0.502858
0.451566
0.398737
0.344548
0.289186
0.232838
0.175696
0.117956
0.059814
0.001469
-0.056882
-0.115039
-0.172804
-0.229980
-0.286372
-0.341789
-0.396041
-0.448944
-0.500317
-0.549985
-0.597779
-0.643536
-0.687100
-0.728323
-0.767064
-0.803192
-0.836583
-0.867123
-0.894709
-0.919246
-0.940650
-0.958850
-0.973782
-0.985396
-0.993653
-0.998524
-0.999992
-0.998053
-0.992713
-0.983990
-0.971915
-0.956528
-0.937882
-0.916040
-0.891076
-0.863076
-0.832136
-0.798360
-0.761863
-0.722771
-0.681216
-0.637339
-0.591291
-0.543228
-0.493315
-0.441720
-0.388620
-0.334196
-0.278633
-0.222121
-0.164852
-0.107021
-0.048825
0.009537
0.067866
0.125964
0.183633
0.240676
0.296899
0.352111
0.406123
0.458750
0.509815
0.559143
0.606565
0.651920
0.695054
0.735820
0.774079
0.809700
0.842561
0.872552
0.899570
0.923523
0.944328
0.961916
0.976227
0.987211
0.994831
0.999061
0.999887
0.997306
0.991327
0.981969
0.969266
0.953261
0.934007
0.911570
0.886027
0.857466
0.825982
0.791684
0.754689
0.715122
0.673118
0.628820
0.582380
0.533956
0.483712
0.431820
0.378456
0.323803
0.268047
0.211377
0.153987
0.096072
0.037830
-0.020541
-0.078842
-0.136874
-0.194440
-0.251343
-0.307390
-0.362390
-0.416155
-0.468501
-0.519252
-0.568233
-0.615278
-0.660226
-0.702925
-0.743228
-0.780999
-0.816109
-0.848438
-0.877876
-0.904322
-0.927688
-0.947892
-0.964866
-0.978553
-0.988905
-0.995888
-0.999477
-0.999661
-0.996438
-0.989820
-0.979830
-0.966500
-0.949878
-0.930018
-0.906990
-0.880871
-0.851751
-0.819729
-0.784913
-0.747423
-0.707386
-0.664938
-0.620225
-0.573399
-0.524618
-0.474050
-0.421867
-0.368247
-0.313371
-0.257428
-0.200608
-0.143104
-0.085112
-0.026831
0.031542
0.089808
0.147767
0.205223
0.261980
0.317844
0.372625
0.426137
0.478196
0.528626
0.577254
0.623916
0.668452
0.710710
0.750546
0.787825
0.822419
0.854211
0.883093
0.908965
0.931740
0.951341
0.967699
0.980761
0.990480
0.996825
0.999773
0.999314
0.995450
0.988194
0.977571
0.963617
0.946380
0.925917
0.902300
0.875609
0.845933
0.813376
0.778046
0.740066
0.699564
0.656678
0.611555
0.564348
0.515217
0.464332
0.411864
0.357992
0.302901
0.246778
0.189814
0.132203
0.074142
0.015828
-0.042540
-0.100763
-0.158643
-0.215982
-0.272585
-0.328259
-0.382815
-0.436067
-0.487832
-0.537935
-0.586206
-0.632479
-0.676596
-0.718409
-0.757773
-0.794555
-0.828630
-0.859882
-0.888203
-0.913498
-0.935680
-0.954674
-0.970415
-0.982850
-0.991935
-0.997641
-0.999947
-0.998846
-0.994341
-0.986448
-0.975194
-0.960617
-0.942767
-0.921704
-0.897501
-0.870240
-0.840013
-0.806924
-0.771086
-0.732620
-0.691658
-0.648339
-0.602810
-0.555228
-0.505754
-0.454557
-0.401810
-0.347695
-0.292395
-0.236098
-0.178997
-0.121286
-0.063162
-0.004823
0.053533
0.111706
0.169499
0.226714
0.283157
0.338635
0.392959
0.445944
0.497410
0.547180
0.595086
0.640965
0.684659
0.726021
0.764908
0.801189
0.834741
0.865448
0.893206
0.917920
0.939507
0.957892
0.973014
0.984820
0.993270
0.998336
1.000000
0.998256
0.993112
0.984583
0.972699
0.957501
0.939040
0.917380
0.892593
0.864766
0.833991
0.800375
0.764032
0.725085
0.683667
0.639920
0.593993
0.546042
0.496230
0.444727
0.391708
0.337355
0.281853
0.225390
0.168159
0.110355
0.052175
-0.006183
-0.064519
-0.122636
-0.180335
-0.237419
-0.293695
-0.348970
-0.403055
-0.455767
-0.506927
-0.556359
-0.603895
-0.649373
-0.692639
-0.733545
-0.771951
-0.807727
-0.840750
-0.870909
-0.898100
-0.922231
-0.943220
-0.960994
-0.975494
-0.986670
-0.994484
-0.998910
-0.999932
-0.997546
-0.991762
-0.982598
-0.970086
-0.954269
-0.935200
-0.912944
-0.887578
-0.859187
-0.827868
-0.793729
-0.756885
-0.717462
-0.675595
-0.631425
-0.585104
-0.536789
-0.486645
-0.434843
-0.381559
-0.326975
-0.271277
-0.214654
-0.157300
-0.099410
-0.041182
0.017187
0.075498
0.133551
0.191149
0.248096
0.304197
0.359262
0.413102
0.465536
0.516382
0.565470
0.612630
0.657703
0.700535
0.740980
0.778900
0.814166
0.846658
0.876265
0.902886
0.926430
0.946818
0.963980
0.977857
0.988401
0.995578
0.999363
0.999743
0.996715
0.990292
0.980494
0.967356
0.950921
0.931246
0.908398
0.882454
0.853504
0.821645
0.786987
0.749647
0.709752
0.667440
0.622853
0.576143
0.527471
0.477001
0.424906
0.371363
0.316555
0.260668
0.203893
0.146423
0.088454
0.030183
-0.028190
-0.086467
-0.144449
-0.201939
-0.258742
-0.314662
-0.369510
-0.423100
-0.475247
-0.525775
-0.574512
-0.621291
-0.665953
-0.708346
-0.748325
-0.785755
-0.820507
-0.852463
-0.881514
-0.907562
-0.930517
-0.950302
-0.966848
-0.980100
-0.990013
-0.996552
-0.999695
-0.999432
-0.995764
-0.988702
-0.978272
-0.964508
-0.947458
-0.927179
-0.903741
-0.877224
-0.847717
-0.815322
-0.780149
-0.742318
-0.701957
-0.659204
-0.614205
-0.567113
-0.518089
-0.467300
-0.414918
-0.361122
-0.306096
-0.250027
-0.193106
-0.135527
-0.077486
-0.019181
0.039189
0.097426
0.155330
0.212706
0.269356
0.325089
0.379714
0.433046
0.484901
0.535105
0.583485
0.629877
0.674123
0.716071
0.755580
0.792514
0.826748
0.858164
0.886657
0.912128
0.934491
0.953671
0.969600
0.982226
0.991504
0.997405
0.999906
0.999001
0.994692
0.986993
0.975931
0.961544
0.943880
0.923000
0.898975
0.871887
0.841828
0.808901
0.773217
0.734899
0.694076
0.650889
0.605483
0.558015
0.508645
0.457542
0.404880
0.350838
0.295601
0.239356
0.182296
0.124615
0.066509
0.008177
-0.050183
-0.108373
-0.166193
-0.223446
-0.279939
-0.335477
-0.389872
-0.442939
-0.494497
-0.544370
-0.592387
-0.638387
-0.682211
-0.723710
-0.762743
-0.799178
-0.832889
-0.863762
-0.891692
-0.916584
-0.938353
-0.956924
-0.972234
-0.984232
-0.992876
-0.998137
-0.999996
-0.998449
-0.993499
-0.985164
-0.973472
-0.958463
-0.940188
-0.918710
-0.894101
-0.866445
-0.835837
-0.802381
-0.766191
-0.727391
-0.686111
-0.642494
-0.596688
-0.548849
-0.499139
-0.447728
-0.394792
-0.340511
-0.285069
-0.228657
-0.171464
-0.113688
-0.055525
0.002828
0.061172
0.119306
0.177035
0.234160
0.290487
0.345824
0.399983
0.452779
0.504032
0.553568
0.601218
0.646819
0.690216
0.731261
0.769814
0.805745
0.838929
0.869256
0.896620
0.920929
0.942100
0.960061
0.974751
0.986119
0.994127
0.998748
0.999965
0.997776
0.992186
0.983216
0.970895
0.955266
0.936382
0.914308
0.889118
0.860898
0.829745
0.795765
0.759073
0.719795
0.678064
0.634022
0.587821
0.539616
0.489572
0.437861
0.384657
0.330143
0.274504
0.217929
0.160612
0.102747
0.044533
-0.013833
-0.072152
-0.130226
-0.187855
-0.244845
-0.301000
-0.356129
-0.410045
-0.462564
-0.513507
-0.562700
-0.609976
-0.655173
-0.698137
-0.738723
-0.776792
-0.812214
-0.844868
-0.874643
-0.901439
-0.925162
-0.945733
-0.963082
-0.977149
-0.987886
-0.995258
-0.999238
-0.999813
-0.996981
-0.990753
-0.981148
-0.968200
-0.951953
-0.932463
-0.909795
-0.884027
-0.855247
-0.823552
-0.789052
-0.751863
-0.712111
-0.669934
-0.625473
-0.578882
-0.530318
-0.479947
-0.427940
-0.374475
-0.319735
-0.263905
-0.207175
-0.149740
-0.091794
-0.033536
0.024837
0.083125
0.141129
0.198653
0.255500
0.311477
0.366392
0.420058
0.472293
0.522919
0.571763
0.618659
0.663447
0.705974
0.746096
0.783675
0.818585
0.850704
0.879925
0.906148
0.929283
0.949252
0.965986
0.979429
0.989534
0.996268
0.999607
0.999540
0.996067
0.989200
0.978962
0.965388
0.948525
0.928431
0.905172
0.878829
0.849492
0.817260
0.782243
0.744561
0.704342
0.661723
0.616849
0.569873
0.520955
0.470263
0.417968
0.364248
0.309288
0.253273
0.196396
0.138850
0.080830
0.022535
-0.035837
-0.094087
-0.152016
-0.209427
-0.266125
-0.321915
-0.376609
-0.430020
-0.481965
-0.532268
-0.580758
-0.627268
-0.671641
-0.713726
-0.753379
-0.790464
-0.824856
-0.856438
-0.885101
-0.910748
-0.933292
-0.952656
-0.968774
-0.981591
-0.991063
-0.997158
-0.999855
-0.999145
-0.995031
-0.987527
-0.976657
-0.962460
-0.944983
-0.924286
-0.900439
-0.873525
-0.843634
-0.810868
-0.775340
-0.737169
-0.696487
-0.653431
-0.608149
-0.560795
-0.511530
-0.460522
-0.407944
-0.353977
-0.298803
-0.242612
-0.185593
-0.127943
-0.069856
-0.011531
0.046833
0.105037
0.162884
0.220176
0.276717
0.332315
0.386781
0.439930
0.491579
0.541553
0.589682
0.635801
0.679754
0.721391
0.760570
0.797157
0.831028
0.862067
0.890169
0.915238
0.937188
0.955944
0.971444
0.983633
0.992471
0.997926
0.999982
0.998630
0.993875
0.985734
0.974234
0.959414
0.941325
0.920029
0.895598
0.868115
0.837674
0.804379
0.768343
0.729688
0.688548
0.645061
0.599376
0.551649
0.502043
0.450725
0.397872
0.343663
0.288283
0.231921
0.174768
0.117020
0.058873
0.000526
-0.057823
-0.115975
-0.173732
-0.230897
-0.287276
-0.342675
-0.396907
-0.449786
-0.501133
-0.550772
-0.598534
-0.644257
-0.687785
-0.728969
-0.767669
-0.803753
-0.837099
-0.867592
-0.895130
-0.919616
-0.940970
-0.959117
-0.973996
-0.985556
-0.993758
-0.998574
-0.999988
-0.997994
-0.992599
-0.983822
-0.971693
-0.956253
-0.937554
-0.915661
-0.890648
-0.862600
-0.831613
-0.797792
-0.761252
-0.722119
-0.680525
-0.636613
-0.590531
-0.542437
-0.492494
-0.440874
-0.387751
-0.333307
-0.277727
-0.221201
-0.163922
-0.106083
-0.047884
0.010479
0.068807
0.126899
0.184560
0.241591
0.297800
0.352993
0.406984
0.459588
0.510626
0.559924
0.607314
0.652635
0.695732
0.736458
0.774675
0.810252
0.843069
0.873013
0.899981
0.923884
0.944638
0.962174
0.976431
0.987360
0.994926
0.999101
0.999872
0.997236
0.991202
0.981791
0.969034
0.952975
0.933669
0.911182
0.885590
0.856980
0.825450
0.791108
0.754070
0.714462
0.672420
0.628087
0.581614
0.533158
0.482886
0.430969
0.377583
0.322911
0.267138
0.210455
0.153055
0.095134
0.036888
-0.021483
-0.079782
-0.137808
-0.195365
-0.252256
-0.308287
-0.363269
-0.417012
-0.469334
-0.520057
-0.569008
-0.616021
-0.660934
-0.703595
-0.743859
-0.781588
-0.816653
-0.848936
-0.878327
-0.904724
-0.928039
-0.948192
-0.965114
-0.978747
-0.989045
-0.995973
-0.999507
-0.999636
-0.996358
-0.989686
-0.979641
-0.966258
-0.949582
-0.929671
-0.906593
-0.880425
-0.851257
-0.819188
-0.784328
-0.746796
-0.706719
-0.664234
-0.619485
-0.572626
-0.523816
-0.473220
-0.421012
-0.367370
-0.312476
-0.256517
-0.199684
-0.142171
-0.084173
-0.025888
0.032485
0.090747
0.148700
0.206146
0.262890
0.318738
0.373500
0.426989
0.479024
0.529426
0.578024
0.624652
0.669153
0.711373
0.751169
0.788405
0.822955
0.854701
0.883535
0.909358
0.932082
0.951631
0.967937
0.980944
0.990610
0.996899
0.999792
0.999278
0.995360
0.988049
0.977372
0.963365
0.946075
0.925561
0.901893
0.875153
0.845430
0.812827
0.777454
0.739432
0.698890
0.655967
0.610809
0.563569
0.514409
0.463497
0.411004
0.357112
0.302003
0.245864
0.188888
0.131268
0.073201
0.014885
-0.043482
-0.101701
-0.159574
-0.216902
-0.273492
-0.329150
-0.383686
-0.436915
-0.488655
-0.538730
-0.586969
-0.633209
-0.677290
-0.719064
-0.758388
-0.795127
-0.829158
-0.860363
-0.888636
-0.913881
-0.936013
-0.954954
-0.970642
-0.983023
-0.992054
-0.997705
-0.999956
-0.998800
-0.994240
-0.986293
-0.974985
-0.960355
-0.942452
-0.921338
-0.897085
-0.869775
-0.839501
-0.806367
-0.770485
-0.731978
-0.690976
-0.647621
-0.602058
-0.554444
-0.504941
-0.453717
-0.400947
-0.346811
-0.291493
-0.235182
-0.178070
-0.120351
-0.062221
-0.003880
0.054474
0.112643
0.170428
0.227633
0.284061
0.339522
0.393826
0.446788
0.498227
0.547969
0.595844
0.641688
0.685346
0.726669
0.765515
0.801753
0.835259
0.865920
0.893629
0.918294
0.939829
0.958162
0.973231
0.984983
0.993379
0.998390
0.999999
0.998200
0.993001
0.984417
0.972480
0.957229
0.938716
0.917004
0.892168
0.864292
0.833471
0.799809
0.763423
0.724435
0.682979
0.639196
0.593234
0.545251
0.495411
0.443882
0.390841
0.336468
0.280948
0.224471
0.167230
0.109418
0.051234
-0.007125
-0.065460
-0.123572
-0.181262
-0.238335
-0.294596
-0.349853
-0.403918
-0.456606
-0.507739
-0.557142
-0.604646
-0.650090
-0.693319
-0.734185
-0.772550
-0.808282
-0.841260
-0.871372
-0.898514
-0.922595
-0.943532
-0.961254
-0.975701
-0.986823
-0.994583
-0.998953
-0.999920
-0.997480
-0.991641
-0.982422
-0.969857
-0.953986
-0.934865
-0.912559
-0.887143
-0.858704
-0.827339
-0.793155
-0.756269
-0.716805
-0.674899
-0.630694
-0.584339
-0.535993
-0.485821
-0.433993
-0.380687
-0.326084
-0.270369
-0.213733
-0.156369
-0.098472
-0.040240
0.018130
0.076438
0.134485
0.192074
0.249009
0.305095
0.360141
0.413961
0.466370
0.517189
0.566247
0.613375
0.658413
0.701207
0.741613
0.779491
0.814713
0.847159
0.876718
0.903291
0.926785
0.947121
0.964230
0.978053
0.988544
0.995667
0.999396
0.999721
0.996639
0.990161
0.980309
0.967116
0.950629
0.930902
0.908003
0.882010
0.853012
0.821107
0.786405
0.749022
0.709088
0.666737
0.622115
0.575373
0.526670
0.476172
0.424052
0.370488
0.315660
0.259757
0.202969
0.145490
0.087515
0.029241
-0.029132
-0.087406
-0.145382
-0.202863
-0.259652
-0.315557
-0.370386
-0.423954
-0.476077
-0.526577
-0.575284
-0.622030
-0.666656
-0.709011
-0.748950
-0.786337
-0.821045
-0.852955
-0.881959
-0.907957
-0.930862
-0.950595
-0.967089
-0.980287
-0.990145
-0.996630
-0.999718
-0.999400
-0.995677
-0.988561
-0.978076
-0.964259
-0.947156
-0.926826
-0.903337
-0.876771
-0.847217
-0.814776
-0.779559
-0.741686
-0.701285
-0.658495
-0.613461
-0.566337
-0.517283
-0.466466
-0.414060
-0.360243
-0.305199
-0.249114
-0.192181
-0.134593
-0.076546
-0.018239
0.040131
0.098364
0.156262
0.213627
0.270264
0.325981
0.380586
0.433895
0.485726
0.535901
0.584250
0.630609
0.674819
0.716729
0.756197
0.793089
0.827278
0.858648
0.887093
0.912514
0.934827
0.953954
0.969830
0.982402
0.991627
0.997472
0.999919
0.998958
0.994594
0.986841
0.975725
0.961284
0.943568
0.922637
0.898562
0.871425
0.841319
0.808346
0.772619
0.734259
0.693397
0.650173
0.604733
0.557232
0.507833
0.456703
0.404017
0.349955
0.294700
0.238441
0.181369
0.123680
0.065569
0.007234
-0.051125
-0.109310
-0.167122
-0.224365
-0.280844
-0.336365
-0.390740
-0.443784
-0.495316
-0.545160
-0.593147
-0.639112
-0.682900
-0.724360
-0.763353
-0.799744
-0.833410
-0.864237
-0.892119
-0.916961
-0.938678
-0.957197
-0.972454
-0.984398
-0.992988
-0.998194
-0.999999
-0.998396
-0.993391
-0.985002
-0.973256
-0.958194
-0.939867
-0.918337
-0.893678
-0.865974
-0.835319
-0.801818
-0.765585
-0.726743
-0.685425
-0.641772
-0.595931
-0.548060
-0.498322
-0.446885
-0.393926
-0.339624
-0.284166
-0.227739
-0.170536
-0.112751
-0.054583
0.003771
0.062113
0.120242
0.177962
0.235076
0.291389
0.346709
0.400847
0.453620
0.504847
0.554353
0.601971
0.647538
0.690898
0.731904
0.770416
0.806303
0.839442
0.869721
0.897037
0.921296
0.942416
0.960324
0.974961
0.986275
0.994229
0.998794
0.999957
0.997712
0.992068
0.983043
0.970669
0.954987
0.936051
0.913925
0.888686
0.860418
0.829218
0.795193
0.758459
0.719140
0.677370
0.633293
0.587058
0.538822
0.488750
0.437013
0.383787
0.329253
0.273597
0.217009
0.159681
0.101810
0.043591
-0.014776
-0.073093
-0.131160
-0.188781
-0.245759
-0.301899
-0.357010
-0.410905
-0.463400
-0.514316
-0.563479
-0.610722
-0.655885
-0.698812
-0.739358
-0.777385
-0.812763
-0.845372
-0.875100
-0.901846
-0.925520
-0.946039
-0.963335
-0.977349
-0.988032
-0.995349
-0.999274
-0.999794
-0.996908
-0.990624
-0.980965
-0.967964
-0.951664
-0.932122
-0.909403
-0.883586
-0.854758
-0.823017
-0.788472
-0.751241
-0.711449
-0.669234
-0.624738
-0.578113
-0.529518
-0.479119
-0.427088
-0.373601
-0.318841
-0.262995
-0.206253
-0.148808
-0.090855
-0.032594
0.025779
0.084064
0.142063
0.199577
0.256412
0.312372
0.367269
0.420914
0.473124
0.523723
0.572537
0.619400
0.664152
0.706642
0.746723
0.784261
0.819126
0.851200
0.880373
0.906547
0.929631
0.949548
0.966230
0.979619
0.989670
0.996349
0.999633
0.999511
0.995983
0.989061
0.978769
0.965142
0.948226
0.928080
0.904771
0.878379
0.848994
0.816716
0.781655
0.743931
0.703672
0.661016
0.616106
0.569098
0.520150
0.469430
0.417111
0.363370
0.308391
0.252361
0.195472
0.137916
0.079890
0.021592
-0.036779
-0.095025
-0.152948
-0.210349
-0.267033
-0.322808
-0.377483
-0.430871
-0.482791
-0.533066
-0.581525
-0.628002
-0.672340
-0.714386
-0.753998
-0.791041
-0.825389
-0.856924
-0.885539
-0.911137
-0.933630
-0.952942
-0.969007
-0.981770
-0.991188
-0.997228
-0.999871
-0.999106
-0.994937
-0.987378
-0.976454
-0.962203
-0.944674
-0.923926
-0.900029
-0.873066
-0.843127
-0.810316
-0.774744
-0.736532
-0.695810
-0.652717
-0.607401
-0.560014
-0.510720
-0.459685
-0.407083
-0.353095
-0.297904
-0.241697
-0.184667
-0.127007
-0.068915
-0.010588
0.047775
0.105975
0.163814
0.221095
0.277623
0.333204
0.387651
0.440776
0.492400
0.542345
0.590443
0.636529
0.680445
0.722044
0.761182
0.797726
0.831552
0.862545
0.890598
0.915617
0.937516
0.956221
0.971667
0.983802
0.992586
0.997987
0.999987
0.998580
0.993771
0.985575
0.974021
0.959148
0.941007
0.919659
0.895178
0.867647
0.837159
0.803818
0.767739
0.729043
0.687864
0.644340
0.598621
0.550863
0.501227
0.449883
0.397007
0.342777
0.287380
0.231003
0.173840
0.116084
0.057932
-0.000417
-0.058764
-0.116912
-0.174661
-0.231815
-0.288179
-0.343561
-0.397772
-0.450628
-0.501948
-0.551558
-0.599289
-0.644978
-0.688469
-0.729614
-0.768273
-0.804314
-0.837614
-0.868061
-0.895549
-0.919986
-0.941289
-0.959384
-0.974209
-0.985716
-0.993863
-0.998624
-0.999982
-0.997933
-0.992484
-0.983653
-0.971470
-0.955976
-0.937226
-0.915282
-0.890219
-0.862122
-0.831089
-0.797223
-0.760641
-0.721467
-0.679834
-0.635885
-0.589770
-0.541644
-0.491674
-0.440027
-0.386882
-0.332418
-0.276822
-0.220282
-0.162992
-0.105146
-0.046942
0.011422
0.069747
0.127835
0.185486
0.242506
0.298699
0.353875
0.407845
0.460425
0.511436
0.560705
0.608063
0.653349
0.696409
0.737096
0.775271
0.810805
0.843575
0.873472
0.900392
0.924244
0.944947
0.962430
0.976634
0.987509
0.995020
0.999141
0.999857
0.997166
0.991077
0.981611
0.968801
0.952689
0.933331
0.910793
0.885152
0.856494
0.824918
0.790531
0.753450
0.713802
0.671722
0.627353
0.580846
0.532361
0.482061
0.430118
0.376710
0.322019
0.266230
0.209534
0.152124
0.094195
0.035946
-0.022426
-0.080721
-0.138742
-0.196289
-0.253168
-0.309184
-0.364147
-0.417869
-0.470166
-0.520862
-0.569783
-0.616763
-0.661641
-0.704265
-0.744488
-0.782175
-0.817197
-0.849434
-0.878777
-0.905126
-0.928390
-0.948491
-0.965360
-0.978940
-0.989184
-0.996057
-0.999536
-0.999610
-0.996277
-0.989550
-0.979451
-0.966015
-0.949286
-0.929324
-0.906194
-0.879977
-0.850762
-0.818647
-0.783743
-0.746169
-0.706052
-0.663529
-0.618745
-0.571853
-0.523012
-0.472389
-0.420157
-0.366493
-0.311580
-0.255606
-0.198760
-0.141237
-0.083233
-0.024946
0.033427
0.091686
0.149632
0.207069
0.263799
0.319631
0.374374
0.427842
0.479851
0.530225
0.578793
0.625388
0.669853
0.712035
0.751791
0.788985
0.823491
0.855190
0.883976
0.909750
0.932423
0.951920
0.968173
0.981127
0.990738
0.996973
0.999811
0.999242
0.995268
0.987903
0.977172
0.963111
0.945769
0.925204
0.901486
0.874696
0.844926
0.812277
0.776860
0.738797
0.698215
0.655255
0.610062
0.562790
0.513600
0.462661
0.410145
0.356231
0.301104
0.244950
0.187962
0.130334
0.072261
0.013942
-0.044424
-0.102639
-0.160504
-0.217823
-0.274399
-0.330040
-0.384557
-0.437763
-0.489477
-0.539524
-0.587732
-0.633938
-0.677984
-0.719719
-0.759002
-0.795699
-0.829684
-0.860843
-0.889068
-0.914263
-0.936344
-0.955234
-0.970869
-0.983196
-0.992172
-0.997768
-0.999964
-0.998753
-0.994139
-0.986137
-0.974775
-0.960091
-0.942137
-0.920971
-0.896668
-0.869309
-0.838989
-0.805809
-0.769884
-0.731335
-0.690295
-0.646902
-0.601305
-0.553659
-0.504127
-0.452876
-0.400083
-0.345926
-0.290591
-0.234266
-0.177142
-0.119415
-0.061280
-0.002937
0.055416
0.113580
0.171357
0.228550
0.284965
0.340409
0.394692
0.447631
0.499044
0.548757
0.596601
0.642411
0.686032
0.727316
0.766121
0.802316
0.835777
0.866391
0.894052
0.918667
0.940151
0.958432
0.973447
0.985145
0.993487
0.998443
0.999997
0.998143
0.992889
0.984251
0.972260
0.956955
0.938390
0.916628
0.891742
0.863817
0.832949
0.799243
0.762814
0.723785
0.682290
0.638470
0.592475
0.544461
0.494592
0.443037
0.389973
0.335580
0.280043
0.223552
0.166300
0.108481
0.050292
-0.008068
-0.066401
-0.124507
-0.182189
-0.239251
-0.295497
-0.350736
-0.404780
-0.457445
-0.508551
-0.557924
-0.605397
-0.650806
-0.693998
-0.734825
-0.773148
-0.808837
-0.841770
-0.871834
-0.898928
-0.922958
-0.943844
-0.961514
-0.975907
-0.986975
-0.994680
-0.998996
-0.999908
-0.997413
-0.991519
-0.982246
-0.969627
-0.953703
-0.934530
-0.912173
-0.886707
-0.858220
-0.826809
-0.792581
-0.755651
-0.716147
-0.674203
-0.629962
-0.583574
-0.535197
-0.484997
-0.433144
-0.379815
-0.325192
-0.269461
-0.212812
-0.155438
-0.097534
-0.039298
0.019072
0.077378
0.135419
0.192999
0.249922
0.305993
0.361021
0.414819
0.467203
0.517996
0.567024
0.614119
0.659122
0.701879
0.742245
0.780081
0.815259
0.847660
0.877172
0.903695
0.927138
0.947423
0.964479
0.978249
0.988686
0.995754
0.999429
0.999698
0.996561
0.990028
0.980122
0.966876
0.950336
0.930557
0.907608
0.881566
0.852520
0.820569
0.785822
0.748398
0.708423
0.666034
0.621376
0.574601
0.525868
0.475343
0.423198
0.369612
0.314766
0.258847
0.202046
0.144557
0.086575
0.028299
-0.030075
-0.088345
-0.146315
-0.203786
-0.260563
-0.316451
-0.371262
-0.424807
-0.476905
-0.527378
-0.576054
-0.622768
-0.667359
-0.709676
-0.749575
-0.786920
-0.821583
-0.853447
-0.882403
-0.908352
-0.931206
-0.950887
-0.967328
-0.980473
-0.990277
-0.996707
-0.999740
-0.999367
-0.995589
-0.988418
-0.977879
-0.964009
-0.946853
-0.926471
-0.902932
-0.876317
-0.846716
-0.814229
-0.778968
-0.741053
-0.700613
-0.657785
-0.612716
-0.565559
-0.516476
-0.465632
-0.413202
-0.359363
-0.304301
-0.248201
-0.191256
-0.133659
-0.075606
-0.017296
0.041073
0.099302
0.157193
0.214548
0.271172
0.326872
0.381458
0.434745
0.486550
0.536697
0.585015
0.631340
0.675514
0.717386
0.756814
0.793663
0.827807
0.859131
0.887527
0.912899
0.935161
0.954236
0.970060
0.982578
0.991748
0.997539
0.999930
0.998915
0.994496
0.986688
0.975518
0.961024
0.943256
0.922273
0.898148
0.870962
0.840809
0.807791
0.772020
0.733619
0.692718
0.649456
0.603982
0.556449
0.507021
0.455864
0.403155
0.349072
0.293799
0.237525
0.180442
0.122744
0.064628
0.006291
-0.052066
-0.110247
-0.168052
-0.225284
-0.281748
-0.337253
-0.391608
-0.444629
-0.496135
-0.545950
-0.593905
-0.639837
-0.683588
-0.725010
-0.763961
-0.800310
-0.833931
-0.864711
-0.892544
-0.917336
-0.939003
-0.957469
-0.972674
-0.984564
-0.993099
-0.998250
-1.000000
-0.998342
-0.993283
-0.984839
-0.973039
-0.957923
-0.939544
-0.917963
-0.893255
-0.865502
-0.834801
-0.801255
-0.764978
-0.726096
-0.684739
-0.641048
-0.595174
-0.547271
-0.497504
-0.446042
-0.393059
-0.338738
-0.283262
-0.226821
-0.169607
-0.111815
-0.053642
0.004714
0.063054
0.121178
0.178890
0.235992
0.292291
0.347593
0.401711
0.454460
0.505660
0.555138
0.602723
0.648256
0.691579
0.732546
0.771016
0.806860
0.839954
0.870186
0.897453
0.921662
0.942731
0.960587
0.975170
0.986430
0.994329
0.998840
0.999948
0.997648
0.991949
0.982870
0.970442
0.954707
0.935719
0.913542
0.888253
0.859937
0.828691
0.794621
0.757844
0.718484
0.676677
0.632563
0.586294
0.538027
0.487927
0.436165
0.382916
0.328362
0.272690
0.216088
0.158750
0.100872
0.042649
-0.015719
-0.074033
-0.132095
-0.189707
-0.246673
-0.302798
-0.357891
-0.411765
-0.464235
-0.515124
-0.564258
-0.611469
-0.656596
-0.699486
-0.739993
-0.777978
-0.813312
-0.845875
-0.875556
-0.902253
-0.925876
-0.946344
-0.963588
-0.977548
-0.988177
-0.995439
-0.999310
-0.999775
-0.996833
-0.990495
-0.980782
-0.967727
-0.951374
-0.931780
-0.909011
-0.883144
-0.854268
-0.822481
-0.787892
-0.750618
-0.710786
-0.668533
-0.624001
-0.577343
-0.528718
-0.478291
-0.426235
-0.372726
-0.317947
-0.262085
-0.205330
-0.147875
-0.089916
-0.031651
0.026722
0.085004
0.142996
0.200501
0.257323
0.313268
0.368145
0.421769
0.473955
0.524526
0.573309
0.620140
0.664857
0.707309
0.747350
0.784845
0.819666
0.851694
0.880820
0.906944
0.929978
0.949844
0.966472
0.979808
0.989805
0.996429
0.999658
0.999481
0.995898
0.988921
0.978575
0.964895
0.947927
0.927728
0.904369
0.877928
0.848495
0.816172
0.781067
0.743301
0.703002
0.660308
0.615364
0.568322
0.519345
0.468598
0.416254
0.362492
0.307494
0.251449
0.194547
0.136982
0.078950
0.020650
-0.037721
-0.095964
-0.153879
-0.211270
-0.267942
-0.323700
-0.378355
-0.431721
-0.483616
-0.533864
-0.582292
-0.628736
-0.673037
-0.715045
-0.754617
-0.791618
-0.825921
-0.857410
-0.885977
-0.911525
-0.933968
-0.953228
-0.969240
-0.981949
-0.991312
-0.997298
-0.999885
-0.999066
-0.994842
-0.987228
-0.976250
-0.961946
-0.944364
-0.923564
-0.899618
-0.872606
-0.842620
-0.809763
-0.774148
-0.735894
-0.695133
-0.652003
-0.606651
-0.559233
-0.509909
-0.458847
-0.406222
-0.352213
-0.297003
-0.240782
-0.183740
-0.126072
-0.067975
-0.009646
0.048716
0.106912
0.164744
0.222015
0.278528
0.334093
0.388520
0.441622
0.493220
0.543137
0.591203
0.637255
0.681136
0.722696
0.761793
0.798294
0.832075
0.863021
0.891027
0.915996
0.937844
0.956496
0.971889
0.983971
0.992700
0.998046
0.999991
0.998529
0.993665
0.985415
0.973807
0.958881
0.940687
0.919289
0.894757
0.867177
0.836643
0.803257
0.767134
0.728398
0.687179
0.643619
0.597866
0.550076
0.500411
0.449041
0.396141
0.341892
0.286477
0.230086
0.172911
0.115147
0.056991
-0.001360
-0.059706
-0.117848
-0.175589
-0.232732
-0.289081
-0.344446
-0.398637
-0.451469
-0.502763
-0.552345
-0.600044
-0.645698
-0.689152
-0.730258
-0.768876
-0.804874
-0.838129
-0.868529
-0.895969
-0.920356
-0.941607
-0.959649
-0.974422
-0.985874
-0.993967
-0.998673
-0.999976
-0.997872
-0.992368
-0.983482
-0.971246
-0.955699
-0.936897
-0.914901
-0.889789
-0.861644
-0.830564
-0.796653
-0.760028
-0.720813
-0.679142
-0.635157
-0.589008
-0.540852
-0.490852
-0.439181
-0.386012
-0.331529
-0.275916
-0.219362
-0.162061
-0.104208
-0.046000
0.012365
0.070688
0.128770
0.186413
0.243421
0.299599
0.354757
0.408706
0.461262
0.512246
0.561485
0.608811
0.654062
0.697085
0.737733
0.775866
0.811356
0.844081
0.873931
0.900802
0.924604
0.945255
0.962686
0.976836
0.987658
0.995114
0.999179
0.999840
0.997094
0.990951
0.981431
0.968567
0.952402
0.932992
0.910404
0.884712
0.856007
0.824385
0.789953
0.752830
0.713142
0.671023
0.626619
0.580079
0.531562
0.481234
0.429267
0.375837
0.321126
0.265321
0.208612
0.151192
0.093257
0.035004
-0.023368
-0.081661
-0.139675
-0.197214
-0.254080
-0.310081
-0.365025
-0.418725
-0.470998
-0.521667
-0.570558
-0.617505
-0.662348
-0.704934
-0.745117
-0.782762
-0.817740
-0.849931
-0.879227
-0.905526
-0.928740
-0.948789
-0.965606
-0.979132
-0.989321
-0.996140
-0.999565
-0.999583
-0.996196
-0.989414
-0.979260
-0.965770
-0.948990
-0.928975
-0.905795
-0.879529
-0.850266
-0.818105
-0.783157
-0.745541
-0.705384
-0.662823
-0.618004
-0.571079
-0.522208
-0.471558
-0.419301
-0.365616
-0.310684
-0.254694
-0.197836
-0.140304
-0.082294
-0.024003
0.034369
0.092625
0.150564
0.207991
0.264709
0.320525
0.375248
0.428694
0.480678
0.531024
0.579562
0.626124
0.670553
0.712697
0.752412
0.789564
0.824025
0.855679
0.884416
0.910141
0.932764
0.952208
0.968409
0.981309
0.990866
0.997046
0.999829
0.999205
0.995176
0.987757
0.976971
0.962857
0.945462
0.924845
0.901077
0.874239
0.844422
0.811727
0.776267
0.738161
0.697540
0.654542
0.609315
0.562010
0.512791
0.461825
0.409285
0.355350
0.300205
0.244036
0.187036
0.129399
0.071321
0.013000
-0.045366
-0.103577
-0.161435
-0.218743
-0.275305
-0.330930
-0.385427
-0.438610
-0.490299
-0.540318
-0.588495
-0.634667
-0.678676
-0.720373
-0.759616
-0.796269
-0.830210
-0.861322
-0.889499
-0.914645
-0.936674
-0.955512
-0.971094
-0.983367
-0.992290
-0.997831
-0.999972
-0.998706
-0.994036
-0.985980
-0.974564
-0.959827
-0.941820
-0.920604
-0.896250
-0.868843
-0.838475
-0.805250
-0.769282
-0.730692
-0.689612
-0.646183
-0.600551
-0.552874
-0.503312
-0.452036
-0.399219
-0.345042
-0.289689
-0.233349
-0.176214
-0.118478
-0.060339
-0.001995
0.056357
0.114517
0.172286
0.229468
0.285869
0.341295
0.395558
0.448474
0.499861
0.549545
0.597357
0.643133
0.686718
0.727963
0.766727
0.802879
0.836295
0.866861
0.894474
0.919039
0.940472
0.958700
0.973662
0.985307
0.993594
0.998495
0.999994
0.998085
0.992776
0.984084
0.972039
0.956681
0.938064
0.916250
0.891315
0.863342
0.832427
0.798676
0.762204
0.723134
0.681601
0.637744
0.591715
0.543670
0.493772
0.442192
0.389104
0.334691
0.279138
0.222633
0.165370
0.107544
0.049350
-0.009011
-0.067341
-0.125442
-0.183116
-0.240166
-0.296397
-0.351619
-0.405642
-0.458283
-0.509363
-0.558707
-0.606147
-0.651521
-0.694676
-0.735464
-0.773746
-0.809391
-0.842278
-0.872295
-0.899340
-0.923321
-0.944155
-0.961772
-0.976113
-0.987127
-0.994777
-0.999038
-0.999895
-0.997344
-0.991396
-0.982069
-0.969396
-0.953419
-0.934194
-0.911786
-0.886271
-0.857736
-0.826278
-0.792005
-0.755034
-0.715489
-0.673507
-0.629229
-0.582808
-0.534400
-0.484172
-0.432294
-0.378943
-0.324301
-0.268553
-0.211891
-0.154507
-0.096596
-0.038356
0.020015
0.078318
0.136353
0.193924
0.250834
0.306890
0.361900
0.415677
0.468037
0.518802
0.567800
0.614863
0.659831
0.702550
0.742876
0.780671
0.815805
0.848159
0.877624
0.904098
0.927491
0.947724
0.964728
0.978444
0.988827
0.995840
0.999460
0.999674
0.996482
0.989895
0.979935
0.966635
0.950042
0.930211
0.907211
0.881120
0.852026
0.820030
0.785239
0.747772
0.707757
0.665331
0.620638
0.573829
0.525066
0.474513
0.422344
0.368736
0.313871
0.257936
