0.000000
0.231409
0.450256
0.644659
0.804066
0.919823
0.985645
0.997960
0.956099
0.862334
0.721755
0.541995
0.332811
0.105560
-0.127421
-0.353485
-0.560360
-0.736814
-0.873269
-0.962317
-0.999123
-0.981691
-0.910965
-0.790786
-0.627678
-0.430495
-0.209941
0.022009
0.252765
0.469798
0.661328
0.816957
0.928235
0.989122
0.996313
0.949417
0.850981
0.706347
0.523367
0.311976
0.083649
-0.149220
-0.373988
-0.578453
-0.751516
-0.883781
-0.968069
-0.999803
-0.977261
-0.901666
-0.777123
-0.610392
-0.410525
-0.188372
0.044008
0.273998
0.489114
0.677677
0.829451
0.936197
0.992120
0.994184
0.942276
0.839215
0.690596
0.504487
0.290990
0.061696
-0.170946
-0.394309
-0.596266
-0.765853
-0.893865
-0.973351
-0.999998
-0.972357
-0.891930
-0.763083
-0.592811
-0.390357
-0.166711
0.065985
0.295098
0.508192
0.693698
0.841544
0.943706
0.994637
0.991573
0.934679
0.827044
0.674511
0.485361
0.269863
0.039714
-0.192590
-0.414439
-0.613790
-0.779820
-0.903516
-0.978163
-0.999708
-0.966982
-0.881762
-0.748674
-0.574942
-0.369999
-0.144970
0.087930
0.316056
0.527024
0.709382
0.853230
0.950758
0.996673
0.988481
0.926628
0.814471
0.658099
0.466001
0.248605
0.017713
-0.214141
-0.434369
-0.631017
-0.793409
-0.912729
-0.982500
-0.998934
-0.961139
-0.871167
-0.733902
-0.556795
-0.349462
-0.123158
0.109832
0.336860
0.545601
0.724723
0.864501
0.957349
0.998225
0.984911
0.918129
0.801504
0.641368
0.446415
0.227227
-0.004297
-0.235587
-0.454088
-0.647938
-0.806613
-0.921500
-0.986362
-0.997677
-0.954831
-0.860150
-0.718774
-0.538379
-0.328756
-0.101286
0.131682
0.357501
0.563913
0.739712
0.875354
0.963476
0.999294
0.980863
0.909184
0.788149
0.624327
0.426612
0.205738
-0.026305
-0.256920
-0.473587
-0.664545
-0.819427
-0.929825
-0.989745
-0.995935
-0.948059
-0.848716
-0.703299
-0.519701
-0.307891
-0.079366
0.153467
0.377969
0.581953
0.754344
0.885783
0.969137
0.999879
0.976341
0.899800
0.774411
0.606983
0.406603
0.184150
-0.048300
-0.278128
-0.492857
-0.680831
-0.831844
-0.937699
-0.992649
-0.993712
-0.940829
-0.836871
-0.687482
-0.500772
-0.286876
-0.057407
0.175179
0.398254
0.599710
0.768609
0.895783
0.974328
0.999979
0.971345
0.889979
0.760299
0.589345
0.386397
0.162473
-0.070272
-0.299201
-0.511888
-0.696786
-0.843858
-0.945119
-0.995073
-0.991007
-0.933142
-0.824620
-0.671332
-0.481600
-0.265723
-0.035420
0.196805
0.418346
0.617177
0.782503
0.905349
0.979047
0.999595
0.965878
0.879727
0.745818
0.571421
0.366004
0.140717
-0.092209
-0.320130
-0.530671
-0.712404
-0.855463
-0.952081
-0.997014
-0.987822
-0.925004
-0.811970
-0.654858
-0.462195
-0.244441
-0.013416
0.218336
0.438236
0.634345
0.796017
0.914476
0.983292
0.998727
0.959944
0.869049
0.730976
0.553221
0.345433
0.118892
-0.114102
-0.340903
-0.549197
-0.727677
-0.866653
-0.958582
-0.998472
-0.984158
-0.916417
-0.798927
-0.638066
-0.442565
-0.223040
0.008594
0.239761
0.457912
0.651205
0.809146
0.923161
0.987060
0.997375
0.953545
0.857950
0.715780
0.534753
0.324695
0.097011
-0.135940
-0.361511
-0.567457
-0.742597
-0.877424
-0.964618
-0.999446
-0.980018
-0.907387
-0.785497
-0.620964
-0.422722
-0.201531
0.030600
0.261070
0.477368
0.667750
0.821883
0.931398
0.990350
0.995539
0.946684
0.846436
0.700237
0.516025
0.303800
0.075082
-0.157712
-0.381944
-0.585442
-0.757157
-0.887769
-0.970187
-0.999937
-0.975402
-0.897917
-0.771686
-0.603562
-0.402674
-0.179925
0.052592
0.282253
0.496591
0.683972
0.834221
0.939183
0.993160
0.993222
0.939364
0.834511
0.684355
0.497048
0.282757
0.053117
-0.179407
-0.402192
-0.603143
-0.771351
-0.897685
-0.975286
-0.999942
-0.970315
-0.888011
-0.757501
-0.585868
-0.382430
-0.158231
0.074557
0.303299
0.515575
0.699862
0.846156
0.946514
0.995489
0.990423
0.931589
0.822182
0.668142
0.477830
0.261578
0.031126
-0.201016
-0.422245
-0.620552
-0.785171
-0.907166
-0.979913
-0.999464
-0.964757
-0.877676
-0.742949
-0.567890
-0.362001
-0.136461
0.096487
0.324198
0.534308
0.715413
0.857680
0.953386
0.997336
0.987144
0.923363
0.809455
0.651604
0.458380
0.240272
0.009120
-0.222527
-0.442094
-0.637661
-0.798611
-0.916207
-0.984065
-0.998501
-0.958731
-0.866915
-0.728037
-0.549636
-0.341397
-0.114625
0.118370
0.344939
0.552783
0.730617
0.868789
0.959797
0.998700
0.983387
0.914689
0.796335
0.634751
0.438708
0.218849
-0.012891
-0.243931
-0.461728
-0.654460
-0.811663
-0.924804
-0.987740
-0.997054
-0.952242
-0.855735
-0.712773
-0.531117
-0.320628
-0.092733
0.140196
0.365514
0.570990
0.745468
0.879477
0.965742
0.999580
0.979154
0.905572
0.782830
0.617591
0.418824
0.197320
-0.034895
-0.265216
-0.481139
-0.670943
-0.824323
-0.932953
-0.990936
-0.995125
-0.945291
-0.844140
-0.697163
-0.512340
-0.299703
-0.070796
0.161954
0.385912
0.588920
0.759957
0.889739
0.971220
0.999976
0.974446
0.896017
0.768946
0.600131
0.398737
0.175696
-0.056882
-0.286372
-0.500317
-0.687100
-0.836583
-0.940650
-0.993653
-0.992713
-0.937882
-0.832136
-0.681216
-0.493315
-0.278633
-0.048825
0.183633
0.406123
0.606565
0.774079
0.899570
0.976227
0.999887
0.969266
0.886027
0.754689
0.582380
0.378456
0.153987
-0.078842
-0.307390
-0.519252
-0.702925
-0.848438
-0.947892
-0.995888
-0.989820
-0.930018
-0.819729
-0.664938
-0.474050
-0.257428
-0.026831
0.205223
0.426137
0.623916
0.787825
0.908965
0.980761
0.999314
0.963617
0.875609
0.740066
0.564348
0.357992
0.132203
-0.100763
-0.328259
-0.537935
-0.718409
-0.859882
-0.954674
-0.997641
-0.986448
-0.921704
-0.806924
-0.648339
-0.454557
-0.236098
-0.004823
0.226714
0.445944
0.640965
0.801189
0.917920
0.984820
0.998256
0.957501
0.864766
0.725085
0.546042
0.337355
0.110355
-0.122636
-0.348970
-0.556359
-0.733545
-0.870909
-0.960994
-0.998910
-0.982598
-0.912944
-0.793729
-0.631425
-0.434843
-0.214654
0.017187
0.248096
0.465536
0.657703
0.814166
0.926430
0.988401
0.996715
0.950921
0.853504
0.709752
0.527471
0.316555
0.088454
-0.144449
-0.369510
-0.574512
-0.748325
-0.881514
-0.966848
-0.999695
-0.978272
-0.903741
-0.780149
-0.614205
-0.414918
-0.193106
0.039189
0.269356
0.484901
0.674123
0.826748
0.934491
0.991504
0.994692
0.943880
0.841828
0.694076
0.508645
0.295601
0.066509
-0.166193
-0.389872
-0.592387
-0.762743
-0.891692
-0.972234
-0.999996
-0.973472
-0.894101
-0.766191
-0.596688
-0.394792
-0.171464
0.061172
0.290487
0.504032
0.690216
0.838929
0.942100
0.994127
0.992186
0.936382
0.829745
0.678064
0.489572
0.274504
0.044533
-0.187855
-0.410045
-0.609976
-0.776792
-0.901439
-0.977149
-0.999813
-0.968200
-0.884027
-0.751863
-0.578882
-0.374475
-0.149740
0.083125
0.311477
0.522919
0.705974
0.850704
0.949252
0.996268
0.989200
0.928431
0.817260
0.661723
0.470263
0.253273
0.022535
-0.209427
-0.430020
-0.627268
-0.790464
-0.910748
-0.981591
-0.999145
-0.962460
-0.873525
-0.737169
-0.560795
-0.353977
-0.127943
0.105037
0.332315
0.541553
0.721391
0.862067
0.955944
0.997926
0.985734
0.920029
0.804379
0.645061
0.450725
0.231921
0.000526
-0.230897
-0.449786
-0.644257
-0.803753
-0.919616
-0.985556
-0.997994
-0.956253
-0.862600
-0.722119
-0.542437
-0.333307
-0.106083
0.126899
0.352993
0.559924
0.736458
0.873013
0.962174
0.999101
0.981791
0.911182
0.791108
0.628087
0.430969
0.210455
-0.021483
-0.252256
-0.469334
-0.660934
-0.816653
-0.928039
-0.989045
-0.996358
-0.949582
-0.851257
-0.706719
-0.523816
-0.312476
-0.084173
0.148700
0.373500
0.578024
0.751169
0.883535
0.967937
0.999792
0.977372
0.901893
0.777454
0.610809
0.411004
0.188888
-0.043482
-0.273492
-0.488655
-0.677290
-0.829158
-0.936013
-0.992054
-0.994240
-0.942452
-0.839501
-0.690976
-0.504941
-0.291493
-0.062221
0.170428
0.393826
0.595844
0.765515
0.893629
0.973231
0.999999
0.972480
0.892168
0.763423
0.593234
0.390841
0.167230
-0.065460
-0.294596
-0.507739
-0.693319
-0.841260
-0.943532
-0.994583
-0.991641
-0.934865
-0.827339
-0.674899
-0.485821
-0.270369
-0.040240
0.192074
0.413961
0.613375
0.779491
0.903291
0.978053
0.999721
0.967116
0.882010
0.749022
0.575373
0.370488
0.145490
-0.087406
-0.315557
-0.526577
-0.709011
-0.852955
-0.950595
-0.996630
-0.988561
-0.926826
-0.814776
-0.658495
-0.466466
-0.249114
-0.018239
0.213627
0.433895
0.630609
0.793089
0.912514
0.982402
0.998958
0.961284
0.871425
0.734259
0.557232
0.349955
0.123680
-0.109310
-0.336365
-0.545160
-0.724360
-0.864237
-0.957197
-0.998194
-0.985002
-0.918337
-0.801818
-0.641772
-0.446885
-0.227739
0.003771
0.235076
0.453620
0.647538
0.806303
0.921296
0.986275
0.997712
0.954987
0.860418
0.719140
0.538822
0.329253
0.101810
-0.131160
-0.357010
-0.563479
-0.739358
-0.875100
-0.963335
-0.999274
-0.980965
-0.909403
-0.788472
-0.624738
-0.427088
-0.206253
0.025779
0.256412
0.473124
0.664152
0.819126
0.929631
0.989670
0.995983
0.948226
0.848994
0.703672
0.520150
0.308391
0.079890
-0.152948
-0.377483
-0.581525
-0.753998
-0.885539
-0.969007
-0.999871
-0.976454
-0.900029
-0.774744
-0.607401
-0.407083
-0.184667
0.047775
0.277623
0.492400
0.680445
0.831552
0.937516
0.992586
0.993771
0.941007
0.837159
0.687864
0.501227
0.287380
0.057932
-0.174661
-0.397772
-0.599289
-0.768273
-0.895549
-0.974209
-0.999982
-0.971470
-0.890219
-0.760641
-0.589770
-0.386882
-0.162992
0.069747
0.298699
0.511436
0.696409
0.843575
0.944947
0.995020
0.991077
0.933331
0.824918
0.671722
0.482061
0.266230
0.035946
-0.196289
-0.417869
-0.616763
-0.782175
-0.905126
-0.978940
-0.999610
-0.966015
-0.879977
-0.746169
-0.571853
-0.366493
-0.141237
0.091686
0.319631
0.530225
0.712035
0.855190
0.951920
0.996973
0.987903
0.925204
0.812277
0.655255
0.462661
0.244950
0.013942
-0.217823
-0.437763
-0.633938
-0.795699
-0.914263
-0.983196
-0.998753
-0.960091
-0.869309
-0.731335
-0.553659
-0.345926
-0.119415
0.113580
0.340409
0.548757
0.727316
0.866391
0.958432
0.998443
0.984251
0.916628
0.799243
0.638470
0.443037
0.223552
-0.008068
-0.239251
-0.457445
-0.650806
-0.808837
-0.922958
-0.986975
-0.997413
-0.953703
-0.858220
-0.716147
-0.535197
-0.325192
-0.097534
0.135419
0.361021
0.567024
0.742245
0.877172
0.964479
0.999429
0.980122
0.907608
0.785822
0.621376
0.423198
0.202046
-0.030075
-0.260563
-0.476905
-0.667359
-0.821583
-0.931206
-0.990277
-0.995589
-0.946853
-0.846716
-0.700613
-0.516476
-0.304301
-0.075606
0.157193
0.381458
0.585015
0.756814
0.887527
0.970060
0.999930
0.975518
0.898148
0.772020
0.603982
0.403155
0.180442
-0.052066
-0.281748
-0.496135
-0.683588
-0.833931
-0.939003
-0.993099
-0.993283
-0.939544
-0.834801
-0.684739
-0.497504
-0.283262
-0.053642
0.178890
0.401711
0.602723
0.771016
0.897453
0.975170
0.999948
0.970442
0.888253
0.757844
0.586294
0.382916
0.158750
-0.074033
-0.302798
-0.515124
-0.699486
-0.845875
-0.946344
-0.995439
-0.990495
-0.931780
-0.822481
-0.668533
-0.478291
-0.262085
-0.031651
0.200501
0.421769
0.620140
0.784845
0.906944
0.979808
0.999481
0.964895
0.877928
0.743301
0.568322
0.362492
0.136982
-0.095964
-0.323700
-0.533864
-0.715045
-0.857410
-0.953228
-0.997298
-0.987228
-0.923564
-0.809763
-0.652003
-0.458847
-0.240782
-0.009646
0.222015
0.441622
0.637255
0.798294
0.915996
0.983971
0.998529
0.958881
0.867177
0.728398
0.550076
0.341892
0.115147
-0.117848
-0.344446
-0.552345
-0.730258
-0.868529
-0.959649
-0.998673
-0.983482
-0.914901
-0.796653
-0.635157
-0.439181
-0.219362
0.012365
0.243421
0.461262
0.654062
0.811356
0.924604
0.987658
0.997094
0.952402
0.856007
0.713142
0.531562
0.321126
0.093257
-0.139675
-0.365025
-0.570558
-0.745117
-0.879227
-0.965606
-0.999565
-0.979260
-0.905795
-0.783157
-0.618004
-0.419301
-0.197836
0.034369
0.264709
0.480678
0.670553
0.824025
0.932764
0.990866
0.995176
0.945462
0.844422
0.697540
0.512791
0.300205
0.071321
-0.161435
-0.385427
-0.588495
-0.759616
-0.889499
-0.971094
-0.999972
-0.974564
-0.896250
-0.769282
-0.600551
-0.399219
-0.176214
0.056357
0.285869
0.499861
0.686718
0.836295
0.940472
0.993594
0.992776
0.938064
0.832427
0.681601
0.493772
0.279138
0.049350
-0.183116
-0.405642
-0.606147
-0.773746
-0.899340
-0.976113
-0.999895
-0.969396
-0.886271
-0.755034
-0.582808
-0.378943
-0.154507
0.078318
0.306890
0.518802
0.702550
0.848159
0.947724
0.995840
0.989895
0.930211
0.820030
0.665331
0.474513
0.257936
0.027356
-0.204709
-0.425661
-0.623505
-0.787501
-0.908746
-0.980658
-0.999333
-0.963757
-0.875862
-0.740420
-0.564782
-0.358483
-0.132724
0.100240
0.327763
0.537492
0.718043
0.859613
0.954518
0.997604
0.986534
0.921908
0.807235
0.648739
0.455025
0.236609
0.005349
-0.226202
-0.445473
-0.640561
-0.800875
-0.917711
-0.984728
-0.998287
-0.957652
-0.865030
-0.725447
-0.546482
-0.337850
-0.110878
0.122114
0.348477
0.555922
0.733187
0.870650
0.960849
0.998885
0.982696
0.913158
0.794049
0.631833
0.435316
0.215168
-0.016661
-0.247586
-0.465070
-0.657307
-0.813860
-0.926232
-0.988321
-0.996758
-0.951083
-0.853778
-0.710123
-0.527918
-0.317053
-0.088977
0.143929
0.369022
0.574082
0.747976
0.881266
0.966714
0.999682
0.978381
0.903966
0.780478
0.614620
0.415396
0.193622
-0.038663
-0.268850
-0.484441
-0.673734
-0.826452
-0.934304
-0.991436
-0.994746
-0.944054
-0.842112
-0.694455
-0.509098
-0.296103
-0.067034
0.165674
0.389388
0.591964
0.762403
0.891454
0.972111
0.999995
0.973592
0.894336
0.766529
0.597110
0.395275
0.171983
-0.060647
-0.289984
-0.503578
-0.689835
-0.838643
-0.941924
-0.994070
-0.992251
-0.936567
-0.830038
-0.678450
-0.490031
-0.275009
-0.045058
0.187339
0.409566
0.609559
0.776461
0.901211
0.977037
0.999823
0.968332
0.884273
0.752209
0.579310
0.374963
0.150260
-0.082601
-0.310977
-0.522471
-0.705602
-0.850428
-0.949087
-0.996223
-0.989277
-0.928626
-0.817563
-0.662117
-0.470727
-0.253782
-0.023061
0.208913
0.429545
0.626859
0.790142
0.910531
0.981490
0.999167
0.962602
0.873781
0.737525
0.561230
0.354469
0.128464
-0.104515
-0.331819
-0.541111
-0.721027
-0.861801
-0.955790
-0.997892
-0.985822
-0.920235
-0.804691
-0.645463
-0.451194
-0.232432
-0.001052
0.230386
0.449316
0.643855
0.803440
0.919410
0.985467
0.998027
0.956406
0.862866
0.722483
0.542878
0.333803
0.106606
-0.126378
-0.352501
-0.559488
-0.736102
-0.872756
-0.962030
-0.999079
-0.981891
-0.911399
-0.791429
-0.628496
-0.431444
-0.210969
0.020958
0.251747
0.468870
0.660539
0.816350
0.927843
0.988967
0.996403
0.949747
0.851533
0.707091
0.524263
0.312975
0.084697
-0.148180
-0.373012
-0.577595
-0.750821
-0.883288
-0.967804
-0.999781
-0.977483
-0.902120
-0.777784
-0.611225
-0.411484
-0.189405
0.042957
0.272986
0.488196
0.676903
0.828864
0.935827
0.991988
0.994297
0.942628
0.839787
0.691356
0.505394
0.291996
0.062746
-0.169910
-0.393342
-0.595421
-0.765177
-0.893393
-0.973110
-0.999999
-0.972602
-0.892405
-0.763763
-0.593658
-0.391325
-0.167748
0.064935
0.294093
0.507286
0.692940
0.840976
0.943358
0.994528
0.991708
0.935052
0.827634
0.675287
0.486281
0.270875
0.040765
-0.191558
-0.413482
-0.612960
-0.779161
-0.903065
-0.977944
-0.999733
-0.967250
-0.882258
-0.749371
-0.575803
-0.370976
-0.146010
0.086882
0.315058
0.526130
0.708640
0.852681
0.950432
0.996586
0.988640
0.927023
0.815081
0.658891
0.466931
0.249623
0.018765
-0.213113
-0.433421
-0.630201
-0.792768
-0.912299
-0.982304
-0.998982
-0.961429
-0.871683
-0.734616
-0.557669
-0.350447
-0.124201
0.108787
0.335870
0.544719
0.723998
0.863972
0.957045
0.998162
0.985092
0.918545
0.802133
0.642175
0.447356
0.228251
-0.003245
-0.234565
-0.453151
-0.647137
-0.805991
-0.921091
-0.986188
-0.997748
-0.955143
-0.860686
-0.719505
-0.539265
-0.329749
-0.102333
0.130639
0.356519
0.563045
0.739004
0.874845
0.963194
0.999254
0.981067
0.909622
0.788796
0.625148
0.427563
0.206767
-0.025253
-0.255903
-0.472661
-0.663759
-0.818824
-0.929437
-0.989595
-0.996030
-0.948393
-0.849272
-0.704046
-0.520599
-0.308891
-0.080414
0.152428
0.376995
0.581097
0.753653
0.885295
0.968877
0.999862
0.976567
0.900258
0.775076
0.607818
0.407564
0.185184
-0.047249
-0.277118
-0.491942
-0.680060
-0.831260
-0.937333
-0.992522
-0.993829
-0.941185
-0.837446
-0.688245
-0.501682
-0.287884
-0.058457
0.174143
0.397289
0.598868
0.767936
0.895315
0.974091
0.999985
0.971594
0.890458
0.760982
0.590194
0.387367
0.163510
-0.069223
-0.298198
-0.510984
-0.696031
-0.843293
-0.944775
-0.994968
-0.991147
-0.933520
-0.825215
-0.672112
-0.482521
-0.266737
-0.036471
0.195774
0.417391
0.616349
0.781848
0.904902
0.978832
0.999625
0.966150
0.880227
0.746519
0.572284
0.366982
0.141758
-0.091162
-0.319133
-0.529779
-0.711666
-0.854918
-0.951759
-0.996932
-0.987985
-0.925403
-0.812584
-0.655652
-0.463127
-0.245460
-0.014468
0.217309
0.437290
0.633531
0.795380
0.914050
0.983100
0.998779
0.960238
0.869569
0.731694
0.554097
0.346420
0.119937
-0.113057
-0.339914
-0.548318
-0.726955
-0.866128
-0.958282
-0.998413
-0.984344
-0.916838
-0.799559
-0.638875
-0.443508
-0.224065
0.007542
0.238740
0.456977
0.650407
0.808527
0.922756
0.986891
0.997450
0.953861
0.858490
0.716514
0.535641
0.325690
0.098057
-0.134898
-0.360530
-0.566591
-0.741892
-0.876919
-0.964340
-0.999411
-0.980226
-0.907828
-0.786147
-0.621788
-0.423675
-0.202561
0.029549
0.260055
0.476443
0.666967
0.821283
0.931014
0.990204
0.995638
0.947022
0.846995
0.700988
0.516926
0.304802
0.076131
-0.156673
-0.380972
-0.584589
-0.756470
-0.887285
-0.969932
-0.999924
-0.975634
-0.898379
-0.772354
-0.604401
-0.403636
-0.180959
0.051541
0.281244
0.495678
0.683204
0.833641
0.938822
0.993037
0.993343
0.939724
0.835090
0.685122
0.497960
0.283766
0.054167
-0.178373
-0.401229
-0.602304
-0.770681
-0.897221
-0.975053
-0.999953
-0.970568
-0.888495
-0.758187
-0.586720
-0.383402
-0.159270
0.073509
0.302296
0.514673
0.699110
0.845595
0.946174
0.995389
0.990567
0.931971
0.822780
0.668924
0.478753
0.262593
0.032177
-0.199986
-0.421292
-0.619727
-0.784519
-0.906723
-0.979703
-0.999498
-0.965033
-0.878180
-0.743653
-0.568755
-0.362982
-0.137503
0.095440
0.323202
0.533419
0.714678
0.857139
0.953069
0.997259
0.987312
0.923766
0.810072
0.652402
0.459314
0.241292
0.010171
-0.221502
-0.441150
-0.636850
-0.797977
-0.915785
-0.983877
-0.998558
-0.959030
-0.867439
-0.728758
-0.550515
-0.342386
-0.115670
0.117326
0.343952
0.551906
0.729899
0.868268
0.959501
0.998646
0.983577
0.915114
0.796971
0.635563
0.439653
0.219875
-0.011839
-0.242910
-0.460795
-0.653665
-0.811049
-0.924403
-0.987575
-0.997134
-0.952562
-0.856279
-0.713510
-0.532008
-0.321624
-0.093780
0.139155
0.364535
0.570126
0.744767
0.878976
0.965469
0.999549
0.979367
0.906018
0.783484
0.618417
0.419779
0.198351
-0.033844
-0.264202
-0.480217
-0.670162
-0.823727
-0.932574
-0.990795
-0.995228
-0.945633
-0.844703
-0.697917
-0.513243
-0.300706
-0.071845
0.160916
0.384941
0.588070
0.759273
0.889259
0.970969
0.999968
0.974682
0.896483
0.769618
0.600972
0.399701
0.176732
-0.055832
-0.285365
-0.499406
-0.686336
-0.836006
-0.940293
-0.993534
-0.992839
-0.938246
-0.832719
-0.681985
-0.494229
-0.279643
-0.049876
0.182599
0.405161
0.605728
0.773412
0.899110
0.975998
0.999902
0.969525
0.886514
0.755378
0.583235
0.379429
0.155026
-0.077793
-0.306389
-0.518353
-0.702176
-0.847881
-0.947556
-0.995792
-0.989969
-0.930404
-0.820330
-0.665723
-0.474976
-0.258444
-0.027882
0.204194
0.425185
0.623094
0.787177
0.908526
0.980555
0.999352
0.963898
0.876116
0.740773
0.565216
0.358974
0.133245
-0.099717
-0.327266
-0.537049
-0.717677
-0.859344
-0.954361
-0.997568
-0.986620
-0.922112
-0.807545
-0.649139
-0.455493
-0.237120
-0.005875
0.225690
0.445002
0.640157
0.800560
0.917502
0.984637
0.998318
0.957804
0.865293
0.725809
0.546922
0.338345
0.111400
-0.121592
-0.347984
-0.555484
-0.732829
-0.870391
-0.960703
-0.998860
-0.982793
-0.913373
-0.794368
-0.632240
-0.435790
-0.215681
0.016136
0.247077
0.464604
0.656910
0.813555
0.926034
0.988241
0.996800
0.951246
0.854051
0.710493
0.528364
0.317552
0.089501
-0.143408
-0.368533
-0.573651
-0.747627
-0.881017
-0.966579
-0.999669
-0.978489
-0.904191
-0.780807
-0.615035
-0.415875
-0.194138
0.038138
0.268343
0.483981
0.673345
0.826156
0.934117
0.991367
0.994799
0.944227
0.842396
0.694833
0.509550
0.296605
0.067559
-0.165155
-0.388904
-0.591540
-0.762063
-0.891216
-0.971988
-0.999993
-0.973712
-0.894571
-0.766867
-0.597532
-0.395758
-0.172501
0.060122
0.289480
0.503124
0.689454
0.838356
0.941747
0.994013
0.992317
0.936751
0.830332
0.678836
0.490489
0.275515
0.045584
-0.186822
-0.409086
-0.609142
-0.776129
-0.900983
-0.976925
-0.999833
-0.968463
-0.884518
-0.752556
-0.579739
-0.375450
-0.150780
0.082077
0.310477
0.522023
0.705229
0.850151
0.948921
0.996177
0.989353
0.928821
0.817865
0.662511
0.471191
0.254291
0.023586
-0.208399
-0.429070
-0.626449
-0.789820
-0.910313
-0.981389
-0.999188
-0.962745
-0.874036
-0.737880
-0.561666
-0.354960
-0.128986
0.103992
0.331323
0.540668
0.720662
0.861534
0.955635
0.997858
0.985910
0.920441
0.805003
0.645864
0.451664
0.232944
0.001578
-0.229874
-0.448846
-0.643452
-0.803127
-0.919203
-0.985378
-0.998060
-0.956560
-0.863131
-0.722846
-0.543320
-0.334299
-0.107129
0.125856
0.352009
0.559052
0.735746
0.872499
0.961887
0.999056
0.981990
0.911615
0.791751
0.628905
0.431918
0.211483
-0.020432
-0.251238
-0.468405
-0.660144
-0.816046
-0.927647
-0.988889
-0.996447
-0.949912
-0.851808
-0.707463
-0.524711
-0.313475
-0.085221
0.147660
0.372524
0.577165
0.750474
0.883042
0.967672
0.999770
0.977594
0.902347
0.778115
0.611641
0.411963
0.189921
-0.042431
-0.272480
-0.487737
-0.676516
-0.828569
-0.935642
-0.991921
-0.994352
-0.942803
-0.840072
-0.691736
-0.505848
-0.292499
-0.063271
0.169392
0.392859
0.594999
0.764838
0.893157
0.972989
1.000000
0.972724
0.892643
0.764102
0.594081
0.391809
0.168266
-0.064410
-0.293591
-0.506833
-0.692560
-0.840691
-0.943183
-0.994473
-0.991776
-0.935238
-0.827929
-0.675675
-0.486740
-0.271382
-0.041291
0.191042
0.413003
0.612544
0.778832
0.902839
0.977834
0.999745
0.967383
0.882505
0.749719
0.576232
0.371464
0.146530
-0.086358
-0.314559
-0.525683
-0.708269
-0.852406
-0.950268
-0.996543
-0.988719
-0.927220
-0.815385
-0.659286
-0.467396
-0.250133
-0.019290
0.212599
0.432948
0.629792
0.792448
0.912084
0.982205
0.999006
0.961574
0.871941
0.734973
0.558105
0.350940
0.124723
-0.108264
-0.335374
-0.544278
-0.723635
-0.863707
-0.956892
-0.998130
-0.985183
-0.918753
-0.802446
-0.642578
-0.447826
-0.228763
0.002719
0.234054
0.452682
0.646736
0.805680
0.920886
0.986101
0.997783
0.955298
0.860954
0.719870
0.539707
0.330246
0.102856
-0.130118
-0.356028
-0.562610
-0.738650
-0.874591
-0.963053
-0.999234
-0.981169
-0.909840
-0.789119
-0.625558
-0.428038
-0.207282
0.024728
0.255395
0.472197
0.663366
0.818522
0.929243
0.989519
0.996076
0.948560
0.849549
0.704419
0.521048
0.309391
0.080938
-0.151908
-0.376508
-0.580669
-0.753307
-0.885050
-0.968747
-0.999853
-0.976680
-0.900487
-0.775409
-0.608236
-0.408044
-0.185700
0.046724
0.276612
0.491484
0.679674
0.830967
0.937150
0.992457
0.993887
0.941362
0.837733
0.688627
0.502137
0.288387
0.058982
-0.173625
-0.396807
-0.598447
-0.767599
-0.895081
-0.973971
-0.999988
-0.971719
-0.890697
-0.761323
-0.590619
-0.387851
-0.164029
0.068698
0.297696
0.510532
0.695654
0.843010
0.944602
0.994915
0.991217
0.933708
0.825512
0.672501
0.482982
0.267243
0.036997
-0.195258
-0.416913
-0.615935
-0.781520
-0.904678
-0.978724
-0.999639
-0.966286
-0.880476
-0.746868
-0.572715
-0.367471
-0.142278
0.090638
0.318635
0.529333
0.711296
0.854645
0.951597
0.996891
0.988066
0.925602
0.812890
0.656049
0.463593
0.245970
0.014994
-0.216796
-0.436817
-0.633124
-0.795061
-0.913837
-0.983003
-0.998805
-0.960385
-0.869829
-0.732052
-0.554535
-0.346913
-0.120459
0.112535
0.339419
0.547878
0.726594
0.865865
0.958131
0.998383
0.984437
0.917048
0.799875
0.639279
0.443980
0.224577
-0.007016
-0.238229
-0.456509
-0.650007
-0.808218
-0.922553
-0.986806
-0.997488
-0.954019
-0.858760
-0.716881
-0.536085
-0.326187
-0.098581
0.134377
0.360040
0.566157
0.741540
0.876666
0.964201
0.999393
0.980330
0.908049
0.786472
0.622200
0.424151
0.203076
-0.029023
-0.259547
-0.475981
-0.666575
-0.820983
-0.930822
-0.990130
-0.995687
-0.947191
-0.847275
-0.701363
-0.517376
-0.305302
-0.076655
0.156154
0.380486
0.584162
0.756126
0.887042
0.969804
0.999917
0.975749
0.898610
0.772688
0.604819
0.404117
0.181476
-0.051016
-0.280739
-0.495222
-0.682820
-0.833350
-0.938640
-0.992975
-0.993404
-0.939904
-0.835379
-0.685505
-0.498416
-0.284270
-0.054692
0.177855
0.400747
0.601884
0.770346
0.896989
0.974937
0.999958
0.970695
0.888736
0.758530
0.587146
0.383887
0.159789
-0.072984
-0.301795
-0.514222
-0.698734
-0.845314
-0.946004
-0.995339
-0.990639
-0.932161
-0.823079
-0.669314
-0.479215
-0.263100
-0.032703
0.199470
0.420815
0.619314
0.784193
0.906501
0.979597
0.999514
0.965171
0.878431
0.744004
0.569188
0.363472
0.138024
-0.094917
-0.322705
-0.532974
-0.714310
-0.856868
-0.952909
-0.997220
-0.987395
-0.923967
-0.810380
-0.652800
-0.459781
-0.241803
-0.010697
0.220989
0.440678
0.636445
0.797660
0.915573
0.983783
0.998586
0.959179
0.867701
0.729118
0.550954
0.342880
0.116192
-0.116804
-0.343458
-0.551468
-0.729539
-0.868007
-0.959353
-0.998618
-0.983672
-0.915326
-0.797289
-0.635969
-0.440125
-0.220388
0.011313
0.242400
0.460328
0.653267
0.810741
0.924203
0.987492
0.997174
0.952722
0.856550
0.713879
0.532453
0.322122
0.094304
-0.138634
-0.364045
-0.569694
-0.744416
-0.878725
-0.965332
-0.999533
-0.979473
-0.906240
-0.783811
-0.618831
-0.420256
-0.198867
0.033318
0.263694
0.479755
0.669772
0.823429
0.932384
0.990723
0.995279
0.945804
0.844985
0.698293
0.513694
0.301208
0.072370
-0.160397
-0.384456
-0.587644
-0.758931
-0.889018
-0.970843
-0.999963
-0.974799
-0.896716
-0.769953
-0.601392
-0.400183
-0.177249
0.055307
0.284861
0.498950
0.685953
0.835718
0.940114
0.993474
0.992902
0.938428
0.833010
0.682370
0.494686
0.280148
0.050401
-0.182082
-0.404680
-0.605310
-0.773079
-0.898880
-0.975884
-0.999909
-0.969653
-0.886758
-0.755723
-0.583662
-0.379916
-0.155546
0.077269
0.305889
0.517903
0.701802
0.847602
0.947388
0.995744
0.990044
0.930597
0.820631
0.666116
0.475439
0.258952
0.028408
-0.203679
-0.424709
-0.622682
-0.786852
-0.908306
-0.980452
-0.999371
-0.964038
-0.876370
-0.741126
-0.565649
-0.359465
-0.133767
0.099194
0.326769
0.536605
0.717310
0.859075
0.954204
0.997531
0.986706
0.922315
0.807855
0.649539
0.455961
0.237631
0.006400
-0.225178
-0.444531
-0.639753
-0.800244
-0.917293
-0.984545
-0.998348
-0.957955
-0.865557
-0.726170
-0.547363
-0.338840
-0.111923
0.121070
0.347491
0.555047
0.732472
0.870132
0.960557
0.998835
0.982890
0.913587
0.794688
0.632647
0.436263
0.216195
-0.015610
-0.246567
-0.464139
-0.656514
-0.813249
-0.925835
-0.988161
-0.996842
-0.951408
-0.854325
-0.710863
-0.528811
-0.318051
-0.090025
0.142888
0.368044
0.573220
0.747278
0.880768
0.966444
0.999655
0.978598
0.904415
0.781135
0.615449
0.416353
0.194654
-0.037612
-0.267837
-0.483521
-0.672957
-0.825859
-0.933929
-0.991298
-0.994853
-0.944400
-0.842679
-0.695211
-0.510002
-0.297107
-0.068083
0.164637
0.388419
0.591116
0.761722
0.890977
0.971864
0.999991
0.973832
0.894806
0.767204
0.597953
0.396241
0.173018
-0.059597
-0.288977
-0.502669
-0.689073
-0.838070
-0.941570
-0.993955
-0.992382
-0.936935
-0.830625
-0.679222
-0.490947
-0.276020
-0.046109
0.186306
0.408606
0.608725
0.775797
0.900755
0.976813
0.999842
0.968594
0.884763
0.752902
0.580167
0.375938
0.151299
-0.081552
-0.309977
-0.521574
-0.704856
-0.849874
-0.948755
-0.996131
-0.989430
-0.929015
-0.818168
-0.662905
-0.471654
-0.254799
-0.024112
0.207884
0.428595
0.626039
0.789497
0.910096
0.981288
0.999209
0.962887
0.874292
0.738234
0.562101
0.355452
0.129507
-0.103468
-0.330827
-0.540226
-0.720298
-0.861267
-0.955480
-0.997824
-0.985998
-0.920646
-0.805315
-0.646266
-0.452133
-0.233455
-0.002103
0.229362
0.448376
0.643050
0.802814
0.918996
0.985288
0.998092
0.956713
0.863397
0.723209
0.543761
0.334794
0.107652
-0.125334
-0.351517
-0.558616
-0.735390
-0.872242
-0.961743
-0.999033
-0.982089
-0.911831
-0.792072
-0.629314
-0.432392
-0.211997
0.019906
0.250729
0.467941
0.659749
0.815742
0.927451
0.988811
0.996492
0.950076
0.852083
0.707834
0.525159
0.313974
0.085745
-0.147140
-0.372036
-0.576736
-0.750126
-0.882795
-0.967539
-0.999759
-0.977705
-0.902574
-0.778445
-0.612057
-0.412442
-0.190437
0.041906
0.271974
0.487278
0.676129
0.828275
0.935456
0.991854
0.994408
0.942978
0.840357
0.692116
0.506302
0.293002
0.063796
-0.168874
-0.392375
-0.594576
-0.764499
-0.892920
-0.972867
-1.000000
-0.972846
-0.892879
-0.764441
-0.594504
-0.392292
-0.168785
0.063886
0.293088
0.506379
0.692181
0.840406
0.943008
0.994418
0.991843
0.935424
0.828224
0.676062
0.487199
0.271888
0.041816
-0.190526
-0.412524
-0.612128
-0.778502
-0.902613
-0.977723
-0.999757
-0.967516
-0.882753
-0.750067
-0.576662
-0.371952
-0.147050
0.085834
0.314060
0.525235
0.707898
0.852131
0.950104
0.996499
0.988797
0.927417
0.815690
0.659681
0.467861
0.250642
0.019816
-0.212085
-0.432473
-0.629384
-0.792127
-0.911868
-0.982106
-0.999029
-0.961718
-0.872198
-0.735329
-0.558541
-0.351432
-0.125245
0.107741
0.334879
0.543837
0.723272
0.863442
0.956739
0.998098
0.985273
0.918960
0.802760
0.642981
0.448296
0.229274
-0.002194
-0.233543
-0.452213
-0.646335
-0.805368
-0.920681
-0.986013
-0.997818
-0.955454
-0.861221
-0.720235
-0.540150
-0.330742
-0.103379
0.129596
0.355536
0.562175
0.738295
0.874336
0.962911
0.999213
0.981271
0.910058
0.789442
0.625969
0.428514
0.207796
-0.024202
-0.254886
-0.471734
-0.662972
-0.818220
-0.929049
-0.989443
-0.996123
-0.948726
-0.849827
-0.704792
-0.521497
-0.309891
-0.081463
0.151388
0.376021
0.580241
0.752961
0.884805
0.968616
0.999844
0.976793
0.900715
0.775741
0.608653
0.408524
0.186217
-0.046199
-0.276107
-0.491026
-0.679289
-0.830675
-0.936966
-0.992393
-0.993945
-0.941539
-0.838021
-0.689008
-0.502591
-0.288891
-0.059507
0.173107
0.396324
0.598025
0.767262
0.894846
0.973852
0.999991
0.971843
0.890936
0.761664
0.591043
0.388336
0.164548
-0.068173
-0.297194
-0.510080
-0.695276
-0.842727
-0.944430
-0.994862
-0.991286
-0.933896
-0.825809
-0.672890
-0.483442
-0.267750
-0.037522
0.194742
0.416435
0.615520
0.781191
0.904454
0.978616
0.999653
0.966421
0.880725
0.747218
0.573146
0.367960
0.142799
-0.090115
-0.318136
-0.528887
-0.710926
-0.854372
-0.951436
-0.996849
-0.988147
-0.925801
-0.813196
-0.656446
-0.464059
-0.246480
-0.015520
0.216283
0.436344
0.632717
0.794742
0.913623
0.982906
0.998831
0.960532
0.870088
0.732410
0.554972
0.347406
0.120981
-0.112012
-0.338925
-0.547438
-0.726232
-0.865602
-0.957981
-0.998353
-0.984529
-0.917257
-0.800190
-0.639684
-0.444451
-0.225090
0.006491
0.237719
0.456041
0.649607
0.807908
0.922350
0.986720
0.997525
0.954177
0.859029
0.717248
0.536529
0.326684
0.099104
-0.133856
-0.359549
-0.565724
-0.741187
-0.876413
-0.964061
-0.999374
-0.980434
-0.908269
-0.786797
-0.622612
-0.424627
-0.203591
0.028498
0.259039
0.475518
0.666183
0.820683
0.930630
0.990056
0.995735
0.947359
0.847554
0.701737
0.517826
0.305803
0.077179
-0.155635
-0.379999
-0.583735
-0.755782
-0.886799
-0.969675
-0.999911
-0.975864
-0.898840
-0.773022
-0.605238
-0.404598
-0.181994
0.050491
0.280234
0.494765
0.682436
0.833059
0.938459
0.992912
0.993464
0.940083
0.835668
0.685887
0.498872
0.284774
0.055217
-0.177338
-0.400265
-0.601464
-0.770011
-0.896756
-0.974819
-0.999963
-0.970821
-0.888977
-0.758872
-0.587571
-0.384373
-0.160308
0.072460
0.301294
0.513771
0.698358
0.845033
0.945833
0.995288
0.990711
0.932352
0.823378
0.669705
0.479676
0.263607
0.033228
-0.198955
-0.420338
-0.618901
-0.783867
-0.906278
-0.979491
-0.999530
-0.965308
-0.878682
-0.744355
-0.569620
-0.363961
-0.138545
0.094393
0.322207
0.532529
0.713942
0.856597
0.952750
0.997181
0.987478
0.924168
0.810688
0.653198
0.460248
0.242313
0.011223
-0.220476
-0.440206
-0.636039
-0.797343
-0.915362
-0.983688
-0.998614
-0.959327
-0.867962
-0.729478
-0.551392
-0.343374
-0.116714
0.116281
0.342964
0.551029
0.729180
0.867746
0.959204
0.998591
0.983767
0.915537
0.797606
0.636375
0.440597
0.220901
-0.010787
-0.241890
-0.459861
-0.652868
-0.810433
-0.924002
-0.987409
-0.997213
-0.952882
-0.856821
-0.714247
-0.532898
-0.322619
-0.094827
0.138113
0.363555
0.569262
0.744064
0.878474
0.965194
0.999517
0.979579
0.906463
0.784137
0.619244
0.420733
0.199382
-0.032793
-0.263187
-0.479294
-0.669381
-0.823130
-0.932194
-0.990652
-0.995330
-0.945975
-0.845266
-0.698670
-0.514145
-0.301709
-0.072894
0.159878
0.383970
0.587219
0.758589
0.888777
0.970717
0.999959
0.974916
0.896949
0.770289
0.601812
0.400665
0.177767
-0.054782
-0.284356
-0.498494
-0.685570
-0.835429
-0.939934
-0.993414
-0.992964
-0.938609
-0.833300
-0.682754
-0.495143
-0.280653
-0.050926
0.181565
0.404199
0.604891
0.772745
0.898649
0.975769
0.999916
0.969782
0.887001
0.756067
0.584089
0.380402
0.156065
-0.076745
-0.305388
-0.517453
-0.701427
-0.847323
-0.947220
-0.995695
-0.990117
-0.930789
-0.820931
-0.666508
-0.475902
-0.259460
-0.028933
0.203164
0.424233
0.622271
0.786528
0.908086
0.980348
0.999389
0.964177
0.876623
0.741479
0.566083
0.359956
0.134288
-0.098670
-0.326272
-0.536161
-0.716944
-0.858806
-0.954046
-0.997494
-0.986791
-0.922518
-0.808165
-0.649939
-0.456429
-0.238142
-0.006926
0.224665
0.444060
0.639349
0.799929
0.917083
0.984452
0.998378
0.958105
0.865820
0.726532
0.547803
0.339335
0.112445
-0.120548
-0.346998
-0.554609
-0.732113
-0.869873
-0.960410
-0.998810
-0.982987
-0.913800
-0.795007
-0.633055
-0.436736
-0.216708
0.015084
0.246057
0.463673
0.656117
0.812943
0.925636
0.988080
0.996884
0.951570
0.854598
0.711233
0.529257
0.318549
0.090549
-0.142368
-0.367555
-0.572789
-0.746928
-0.880519
-0.966309
-0.999641
-0.978706
-0.904640
-0.781463
-0.615864
-0.416831
-0.195170
0.037087
0.267330
0.483061
0.672568
0.825563
0.933741
0.991229
0.994906
0.944573
0.842962
0.695589
0.510455
0.297610
0.068608
-0.164118
-0.387935
-0.590691
-0.761381
-0.890738
-0.971740
-0.999989
-0.973951
-0.895041
-0.767541
-0.598375
-0.396724
-0.173536
0.059072
0.288473
0.502215
0.688692
0.837783
0.941393
0.993897
0.992446
0.937118
0.830917
0.679608
0.491405
0.276526
0.046634
-0.185789
-0.408126
-0.608307
-0.775466
-0.900526
-0.976700
-0.999852
-0.968724
-0.885008
-0.753248
-0.580596
-0.376425
-0.151819
0.081028
0.309477
0.521125
0.704483
0.849597
0.948589
0.996084
0.989506
0.929210
0.818470
0.663298
0.472118
0.255308
0.024638
-0.207370
-0.428120
-0.625629
-0.789174
-0.909878
-0.981187
-0.999230
-0.963028
-0.874547
-0.738589
-0.562535
-0.355943
-0.130028
0.102945
0.330331
0.539783
0.719933
0.860999
0.955325
0.997789
0.986086
0.920851
0.805627
0.646667
0.452602
0.233966
0.002629
-0.228850
-0.447906
-0.642647
-0.802500
-0.918788
-0.985198
-0.998125
-0.956866
-0.863662
-0.723573
-0.544203
-0.335290
-0.108175
0.124813
0.351024
0.558180
0.735034
0.871985
0.961598
0.999010
0.982188
0.912047
0.792393
0.629722
0.432866
0.212511
-0.019380
-0.250220
-0.467476
-0.659354
-0.815438
-0.927254
-0.988732
-0.996535
-0.950240
-0.852359
-0.708206
-0.525606
-0.314473
-0.086268
0.146619
0.371548
0.576306
0.749779
0.882548
0.967406
0.999747
0.977815
0.902800
0.778775
0.612473
0.412921
0.190953
-0.041381
-0.271468
-0.486819
-0.675741
-0.827980
-0.935270
-0.991787
-0.994464
-0.943153
-0.840642
-0.692495
-0.506755
-0.293505
-0.064321
0.168355
0.391891
0.594153
0.764160
0.892683
0.972745
1.000000
0.972968
0.893116
0.764780
0.594926
0.392776
0.169303
-0.063361
-0.292585
-0.505926
-0.691801
-0.840121
-0.942833
-0.994362
-0.991910
-0.935610
-0.828519
-0.676450
-0.487658
-0.272394
-0.042341
0.190009
0.412045
0.611712
0.778171
0.902386
0.977613
0.999768
0.967649
0.882999
0.750414
0.577092
0.372440
0.147571
-0.085310
-0.313560
-0.524788
-0.707526
-0.851855
-0.949940
-0.996455
-0.988876
-0.927613
-0.815994
-0.660076
-0.468326
-0.251151
-0.020342
0.211572
0.431999
0.628975
0.791806
0.911652
0.982007
0.999052
0.961862
0.872455
0.735685
0.558978
0.351925
0.125767
-0.107219
-0.334383
-0.543396
-0.722908
-0.863177
-0.956586
-0.998065
-0.985362
-0.919167
-0.803074
-0.643383
-0.448766
-0.229786
0.001668
0.233031
0.451744
0.645933
0.805057
0.920476
0.985926
0.997852
0.955609
0.861488
0.720600
0.540593
0.331238
0.103902
-0.129075
-0.355045
-0.561740
-0.737940
-0.874080
-0.962769
-0.999192
-0.981372
-0.910276
-0.789764
-0.626379
-0.428989
-0.208310
0.023676
0.254378
0.471270
0.662578
0.817917
0.928854
0.989366
0.996169
0.948892
0.850104
0.705165
0.521946
0.310391
0.081987
-0.150869
-0.375534
-0.579812
-0.752615
-0.884560
-0.968485
-0.999834
-0.976906
-0.900944
-0.776072
-0.609070
-0.409004
-0.186734
0.045674
0.275601
0.490568
0.678903
0.830382
0.936782
0.992328
0.994003
0.941717
0.838307
0.689389
0.503046
0.289394
0.060032
-0.172589
-0.395841
-0.597604
-0.766925
-0.894611
-0.973733
-0.999993
-0.971966
-0.891175
-0.762004
-0.591467
-0.388821
-0.165066
0.067649
0.296691
0.509628
0.694898
0.842444
0.944257
0.994808
0.991355
0.934084
0.826105
0.673279
0.483903
0.268257
0.038048
-0.194226
-0.415957
-0.615106
-0.780863
-0.904229
-0.978508
-0.999666
-0.966556
-0.880974
-0.747567
-0.573577
-0.368449
-0.143319
0.089591
0.317638
0.528441
0.710556
0.854098
0.951274
0.996807
0.988227
0.926000
0.813502
0.656842
0.464525
0.246989
0.016045
-0.215769
-0.435871
-0.632310
-0.794423
-0.913409
-0.982810
-0.998856
-0.960678
-0.870347
-0.732768
-0.555409
-0.347899
-0.121503
0.111490
0.338430
0.546998
0.725871
0.865338
0.957830
0.998323
0.984621
0.917466
0.800506
0.640088
0.444922
0.225602
-0.005965
-0.237208
-0.455573
-0.649208
-0.807598
-0.922147
-0.986635
-0.997562
-0.954334
-0.859298
-0.717614
-0.536973
-0.327181
-0.099627
0.133335
0.359058
0.565290
0.740833
0.876160
0.963922
0.999355
0.980537
0.908489
0.787121
0.623023
0.425103
0.204106
-0.027972
-0.258531
-0.475056
-0.665791
-0.820382
-0.930437
-0.989982
-0.995784
-0.947528
-0.847833
-0.702112
-0.518276
-0.306304
-0.077703
0.155115
0.379513
0.583308
0.755437
0.886556
0.969547
0.999903
0.975979
0.899071
0.773355
0.605657
0.405079
0.182511
-0.049966
-0.279729
-0.494308
-0.682051
-0.832768
-0.938277
-0.992850
-0.993524
-0.940262
-0.835957
-0.686270
-0.499328
-0.285278
-0.055742
0.176820
0.399783
0.601044
0.769675
0.896523
0.974702
0.999967
0.970947
0.889217
0.759215
0.587997
0.384858
0.160827
-0.071935
-0.300792
-0.513320
-0.697981
-0.844751
-0.945663
-0.995237
-0.990782
-0.932541
-0.823676
-0.670095
-0.480138
-0.264115
-0.033754
0.198440
0.419860
0.618488
0.783540
0.906056
0.979385
0.999546
0.965445
0.878933
0.744706
0.570052
0.364451
0.139065
-0.093870
-0.321709
-0.532084
-0.713573
-0.856325
-0.952590
-0.997141
-0.987561
-0.924369
-0.810996
-0.653596
-0.460715
-0.242823
-0.011749
0.219963
0.439734
0.635633
0.797025
0.915150
0.983594
0.998641
0.959476
0.868223
0.729837
0.551831
0.343867
0.117236
-0.115759
-0.342470
-0.550590
-0.728820
-0.867484
-0.959055
-0.998563
-0.983861
-0.915749
-0.797923
-0.636781
-0.441069
-0.221414
0.010262
0.241380
0.459394
0.652470
0.810125
0.923800
0.987326
0.997252
0.953041
0.857092
0.714615
0.533343
0.323117
0.095351
-0.137592
-0.363066
-0.568829
-0.743713
-0.878223
-0.965057
-0.999500
-0.979684
-0.906685
-0.784463
-0.619656
-0.421210
-0.199897
0.032267
0.262680
0.478832
0.668991
0.822832
0.932003
0.990580
0.995380
0.946145
0.845547
0.699046
0.514596
0.302210
0.073419
-0.159359
-0.383485
-0.586793
-0.758246
-0.888536
-0.970590
-0.999954
-0.975033
-0.897181
-0.770624
-0.602232
-0.401146
-0.178284
0.054257
0.283852
0.498038
0.685187
0.835140
0.939755
0.993354
0.993026
0.938791
0.833591
0.683138
0.495600
0.281157
0.051451
-0.181048
-0.403718
-0.604472
-0.772411
-0.898419
-0.975653
-0.999923
-0.969910
-0.887243
-0.756411
-0.584516
-0.380889
-0.156584
0.076220
0.304887
0.517003
0.701052
0.847043
0.947051
0.995646
0.990191
0.930981
0.821232
0.666900
0.476364
0.259968
0.029459
-0.202649
-0.423756
-0.621859
-0.786203
-0.907866
-0.980244
-0.999408
-0.964316
-0.876876
-0.741832
-0.566516
-0.360446
-0.134809
0.098147
0.325775
0.535717
0.716577
0.858536
0.953888
0.997457
0.986876
0.922721
0.808474
0.650338
0.456897
0.238652
0.007452
-0.224153
-0.443589
-0.638944
-0.799613
-0.916874
-0.984360
-0.998408
-0.958256
-0.866083
-0.726893
-0.548242
-0.339829
-0.112968
0.120026
0.346504
0.554172
0.731755
0.869614
0.960264
0.998784
0.983083
0.914014
0.795326
0.633462
0.437209
0.217221
-0.014558
-0.245548
-0.463207
-0.655720
-0.812636
-0.925437
-0.987999
-0.996925
-0.951731
-0.854871
-0.711602
-0.529703
-0.319048
-0.091072
0.141847
0.367066
0.572358
0.746579
0.880270
0.966174
0.999627
0.978814
0.904864
0.781791
0.616278
0.417309
0.195685
-0.036561
-0.266823
-0.482600
-0.672178
-0.825266
-0.933552
-0.991159
-0.994959
-0.944745
-0.843245
-0.695967
-0.510907
-0.298112
-0.069133
0.163599
0.387450
0.590267
0.761040
0.890499
0.971616
0.999986
0.974070
0.895275
0.767878
0.598796
0.397207
0.174054
-0.058547
-0.287970
-0.501760
-0.688311
-0.837495
-0.941215
-0.993839
-0.992511
-0.937302
-0.831210
-0.679994
-0.491863
-0.277031
-0.047159
0.185272
0.407646
0.607890
0.775133
0.900297
0.976587
0.999860
0.968855
0.885253
0.753593
0.581024
0.376912
0.152339
-0.080504
-0.308977
-0.520676
-0.704110
-0.849319
-0.948422
-0.996038
-0.989582
-0.929404
-0.818772
-0.663692
-0.472581
-0.255816
-0.025163
0.206855
0.427645
0.625218
0.788851
0.909659
0.981085
0.999251
0.963170
0.874802
0.738943
0.562970
0.356435
0.130550
-0.102422
-0.329834
-0.539341
-0.719568
-0.860732
-0.955169
-0.997754
-0.986173
-0.921056
-0.805938
-0.647068
-0.453071
-0.234477
-0.003155
0.228338
0.447436
0.642244
0.802186
0.918580
0.985108
0.998157
0.957019
0.863927
0.723935
0.544644
0.335785
0.108697
-0.124291
-0.350532
-0.557744
-0.734677
-0.871727
-0.961454
-0.998986
-0.982287
-0.912262
-0.792713
-0.630131
-0.433340
-0.213025
0.018855
0.249711
0.467011
0.658958
0.815133
0.927057
0.988653
0.996579
0.950403
0.852634
0.708577
0.526053
0.314972
0.086792
-0.146099
-0.371060
-0.575876
-0.749430
-0.882300
-0.967273
-0.999735
-0.977925
-0.903026
-0.779105
-0.612888
-0.413400
-0.191470
0.040855
0.270962
0.486359
0.675354
0.827685
0.935084
0.991720
0.994519
0.943328
0.840927
0.692875
0.507208
0.294007
0.064845
-0.167837
-0.391408
-0.593730
-0.763821
-0.892446
-0.972623
-0.999999
-0.973089
-0.893353
-0.765119
-0.595349
-0.393260
-0.169821
0.062836
0.292082
0.505472
0.691422
0.839836
0.942658
0.994306
0.991976
0.935796
0.828813
0.676837
0.488117
0.272900
0.042867
-0.189493
-0.411566
-0.611296
-0.777841
-0.902159
-0.977502
-0.999779
-0.967782
-0.883246
-0.750762
-0.577521
-0.372928
-0.148091
0.084786
0.313061
0.524340
0.707155
0.851580
0.949775
0.996411
0.988954
0.927810
0.816298
0.660471
0.468790
0.251660
0.020868
-0.211058
-0.431525
-0.628566
-0.791485
-0.911436
-0.981908
-0.999075
-0.962006
-0.872712
-0.736041
-0.559414
-0.352417
-0.126288
0.106696
0.333888
0.542954
0.722545
0.862911
0.956433
0.998032
0.985452
0.919374
0.803387
0.643786
0.449236
0.230298
-0.001142
-0.232520
-0.451275
-0.645532
-0.804745
-0.920270
-0.985837
-0.997887
-0.955763
-0.861755
-0.720964
-0.541035
-0.331734
-0.104425
0.128553
0.354553
0.561305
0.737585
0.873825
0.962627
0.999171
0.981473
0.910494
0.790087
0.626788
0.429464
0.208825
-0.023151
-0.253869
-0.470806
-0.662184
-0.817615
-0.928659
-0.989290
-0.996215
-0.949058
-0.850380
-0.705538
-0.522394
-0.310891
-0.082511
0.150349
0.375046
0.579384
0.752268
0.884315
0.968354
0.999825
0.977018
0.901172
0.776404
0.609487
0.409484
0.187250
-0.045148
-0.275096
-0.490109
-0.678516
-0.830089
-0.936598
-0.992263
-0.994060
-0.941893
-0.838594
-0.689770
-0.503500
-0.289897
-0.060557
0.172071
0.395358
0.597182
0.766587
0.894376
0.973613
0.999995
0.972090
0.891413
0.762345
0.591891
0.389305
0.165585
-0.067124
-0.296189
-0.509175
-0.694520
-0.842161
-0.944083
-0.994755
-0.991424
-0.934272
-0.826401
-0.673668
-0.484363
-0.268763
-0.038573
0.193710
0.415478
0.614691
0.780534
0.904005
0.978399
0.999680
0.966691
0.881223
0.747917
0.574008
0.368938
0.143840
-0.089067
-0.317139
-0.527994
-0.710186
-0.853825
-0.951111
-0.996765
-0.988308
-0.926198
-0.813808
-0.657239
-0.464990
-0.247499
-0.016571
0.215256
0.435397
0.631902
0.794103
0.913195
0.982712
0.998881
0.960824
0.870606
0.733126
0.555847
0.348392
0.122025
-0.110967
-0.337935
-0.546558
-0.725509
-0.865075
-0.957678
-0.998293
-0.984713
-0.917675
-0.800821
-0.640492
-0.445393
-0.226114
0.005439
0.236697
0.455105
0.648807
0.807288
0.921943
0.986549
0.997598
0.954491
0.859567
0.717980
0.537416
0.327678
0.100150
-0.132814
-0.358568
-0.564856
-0.740480
-0.875906
-0.963782
-0.999336
-0.980640
-0.908708
-0.787445
-0.623434
-0.425579
-0.204621
0.027446
0.258023
0.474593
0.665398
0.820081
0.930245
0.989908
0.995832
0.947696
0.848112
0.702486
0.518725
0.306804
0.078228
-0.154596
-0.379026
-0.582881
-0.755093
-0.886313
-0.969418
-0.999896
-0.976093
-0.899301
-0.773689
-0.606075
-0.405560
-0.183028
0.049440
0.279225
0.493850
0.681667
0.832477
0.938095
0.992787
0.993583
0.940441
0.836245
0.686652
0.499783
0.285782
0.056267
-0.176303
-0.399301
-0.600623
-0.769339
-0.896290
-0.974584
-0.999971
-0.971073
-0.889458
-0.759557
-0.588422
-0.385344
-0.161346
0.071411
0.300291
0.512869
0.697605
0.844470
0.945491
0.995185
0.990853
0.932731
0.823974
0.670486
0.480599
0.264622
0.034279
-0.197924
-0.419383
-0.618075
-0.783213
-0.905833
-0.979279
-0.999562
-0.965582
-0.879184
-0.745057
-0.570484
-0.364941
-0.139586
0.093346
0.321211
0.531639
0.713205
0.856053
0.952430
0.997101
0.987643
0.924569
0.811303
0.653994
0.461182
0.243333
0.012275
-0.219450
-0.439262
-0.635227
-0.796708
-0.914938
-0.983499
-0.998669
-0.959624
-0.868484
-0.730197
-0.552269
-0.344361
-0.117759
0.115237
0.341976
0.550151
0.728460
0.867222
0.958906
0.998534
0.983955
0.915960
0.798240
0.637186
0.441541
0.221927
-0.009736
-0.240870
-0.458927
-0.652071
-0.809816
-0.923599
-0.987242
-0.997291
-0.953200
-0.857363
-0.714982
-0.533787
-0.323615
-0.095874
0.137071
0.362576
0.568397
0.743361
0.877971
0.964919
0.999484
0.979790
0.906906
0.784789
0.620069
0.421687
0.200413
-0.031741
-0.262172
-0.478371
-0.668600
-0.822533
-0.931813
-0.990508
-0.995431
-0.946315
-0.845827
-0.699422
-0.515047
-0.302712
-0.073943
0.158839
0.382999
0.586367
0.757903
0.888294
0.970463
0.999949
0.975150
0.897413
0.770959
0.602652
0.401628
0.178801
-0.053732
-0.283348
-0.497582
-0.684804
-0.834850
-0.939575
-0.993293
-0.993088
-0.938972
-0.833881
-0.683522
-0.496057
-0.281662
-0.051976
0.180531
0.403237
0.604053
0.772077
0.898188
0.975538
0.999929
0.970038
0.887486
0.756755
0.584942
0.381375
0.157104
-0.075696
-0.304387
-0.516553
-0.700677
-0.846764
-0.946882
-0.995597
-0.990264
-0.931173
-0.821532
-0.667292
-0.476826
-0.260476
-0.029984
0.202134
0.423280
0.621447
0.785878
0.907645
0.980140
0.999426
0.964456
0.877128
0.742184
0.566949
0.360937
0.135330
-0.097624
-0.325278
-0.535273
-0.716210
-0.858267
-0.953730
-0.997419
-0.986961
-0.922924
-0.808784
-0.650738
-0.457365
-0.239163
-0.007978
0.223640
0.443118
0.638540
0.799297
0.916664
0.984267
0.998438
0.958406
0.866346
0.727254
0.548682
0.340324
0.113490
-0.119504
-0.346011
-0.553734
-0.731397
-0.869354
-0.960117
-0.998758
-0.983179
-0.914227
-0.795644
-0.633868
-0.437682
-0.217735
0.014032
0.245038
0.462741
0.655323
0.812330
0.925238
0.987917
0.996966
0.951892
0.855144
0.711972
0.530149
0.319546
0.091596
-0.141326
-0.366577
-0.571927
-0.746229
-0.880020
-0.966038
-0.999612
-0.978921
-0.905087
-0.782119
-0.616692
-0.417787
-0.196201
0.036036
0.266317
0.482140
0.671789
0.824969
0.933364
0.991089
0.995011
0.944918
0.843527
0.696344
0.511359
0.298613
0.069657
-0.163080
-0.386965
-0.589842
-0.760699
-0.890260
-0.971491
-0.999983
-0.974189
-0.895509
-0.768215
-0.599217
-0.397689
-0.174572
0.058022
0.287466
0.501305
0.687929
0.837208
0.941037
0.993781
0.992575
0.937485
0.831502
0.680379
0.492321
0.277536
0.047685
-0.184755
-0.407166
-0.607472
-0.774801
-0.900068
-0.976474
-0.999869
-0.968985
-0.885497
-0.753939
-0.581452
-0.377399
-0.152859
0.079980
0.308477
0.520227
0.703736
0.849042
0.948255
0.995991
0.989657
0.929598
0.819074
0.664085
0.473045
0.256324
0.025689
-0.206341
-0.427169
-0.624808
-0.788528
-0.909441
-0.980983
-0.999271
-0.963311
-0.875056
-0.739298
-0.563405
-0.356926
-0.131071
0.101899
0.329338
0.538898
0.719202
0.860464
0.955014
0.997718
0.986260
0.921261
0.806249
0.647469
0.453539
0.234989
0.003681
-0.227826
-0.446966
-0.641841
-0.801872
-0.918373
-0.985017
-0.998188
-0.957171
-0.864192
